# Ingress Queue Monitor (for PFC analysis)
# Format: time: <timestamp_ns>
# switch_id port_id ingress_bytes egress_bytes hdrm_bytes paused
time: 0
time: 1000
time: 2000
time: 3000
2 1 6288 0 0 0
2 2 0 6288 0 0
time: 4000
2 1 12576 0 0 0
2 2 0 12576 0 0
time: 5000
2 1 18864 0 0 0
2 2 0 18864 0 0
time: 6000
2 1 25152 0 0 0
2 2 0 25152 0 0
time: 7000
2 1 31440 0 0 0
2 2 0 31440 0 0
time: 8000
2 1 37728 0 0 0
2 2 0 37728 0 0
time: 9000
2 1 44016 0 0 0
2 2 0 44016 0 0
time: 10000
2 1 50304 0 0 0
2 2 0 50304 0 0
time: 11000
2 1 56592 0 0 0
2 2 0 56592 0 0
time: 12000
2 1 62880 0 0 0
2 2 0 62880 0 0
time: 13000
2 1 69168 0 0 0
2 2 0 69168 0 0
time: 14000
2 1 75456 0 0 0
2 2 0 75456 0 0
time: 15000
2 1 81744 0 0 0
2 2 0 81744 0 0
time: 16000
2 1 88032 0 0 0
2 2 0 88032 0 0
time: 17000
2 1 94320 0 0 0
2 2 0 94320 0 0
time: 18000
2 1 100608 0 0 0
2 2 0 100608 0 0
time: 19000
2 1 103752 0 3144 1
2 2 0 106896 0 0
time: 20000
2 1 103752 0 9432 1
2 2 0 113184 0 0
time: 21000
2 1 103752 0 15720 1
2 2 0 119472 0 0
time: 22000
2 1 103752 0 22008 1
2 2 0 125760 0 0
time: 23000
2 1 103752 0 23056 1
2 2 0 126808 0 0
time: 24000
2 1 103752 0 16768 1
2 2 0 120520 0 0
time: 25000
2 1 103752 0 10480 1
2 2 0 114232 0 0
time: 26000
2 1 103752 0 4192 1
2 2 0 107944 0 0
time: 27000
2 1 101656 0 0 0
2 2 0 101656 0 0
time: 28000
2 1 95368 0 0 0
2 2 0 95368 0 0
time: 29000
2 1 89080 0 0 0
2 2 0 89080 0 0
time: 30000
2 1 82792 0 0 0
2 2 0 82792 0 0
time: 31000
2 1 76504 0 0 0
2 2 0 76504 0 0
time: 32000
2 1 82792 0 0 0
2 2 0 82792 0 0
time: 33000
2 1 89080 0 0 0
2 2 0 89080 0 0
time: 34000
2 1 95368 0 0 0
2 2 0 95368 0 0
time: 35000
2 1 101656 0 0 0
2 2 0 101656 0 0
time: 36000
2 1 103752 0 4192 1
2 2 0 107944 0 0
time: 37000
2 1 103752 0 10480 1
2 2 0 114232 0 0
time: 38000
2 1 103752 0 16768 1
2 2 0 120520 0 0
time: 39000
2 1 103752 0 23056 1
2 2 0 126808 0 0
time: 40000
2 1 103752 0 22008 1
2 2 0 125760 0 0
time: 41000
2 1 103752 0 15720 1
2 2 0 119472 0 0
time: 42000
2 1 103752 0 9432 1
2 2 0 113184 0 0
time: 43000
2 1 103752 0 3144 1
2 2 0 106896 0 0
time: 44000
2 1 101656 0 0 0
2 2 0 101656 0 0
time: 45000
2 1 95368 0 0 0
2 2 0 95368 0 0
time: 46000
2 1 89080 0 0 0
2 2 0 89080 0 0
time: 47000
2 1 82792 0 0 0
2 2 0 82792 0 0
time: 48000
2 1 77552 0 0 0
2 2 0 77552 0 0
time: 49000
2 1 84888 0 0 0
2 2 0 84888 0 0
time: 50000
2 1 91176 0 0 0
2 2 0 91176 0 0
time: 51000
2 1 97464 0 0 0
2 2 0 97464 0 0
time: 52000
2 1 103752 0 0 0
2 2 0 103752 0 0
time: 53000
2 1 103752 0 6288 1
2 2 0 110040 0 0
time: 54000
2 1 103752 0 12576 1
2 2 0 116328 0 0
time: 55000
2 1 103752 0 18864 1
2 2 0 122616 0 0
time: 56000
2 1 103752 0 25152 1
2 2 0 128904 0 0
time: 57000
2 1 103752 0 22008 1
2 2 0 125760 0 0
time: 58000
2 1 103752 0 15720 1
2 2 0 119472 0 0
time: 59000
2 1 103752 0 9432 1
2 2 0 113184 0 0
time: 60000
2 1 103752 0 3144 1
2 2 0 106896 0 0
time: 61000
2 1 100608 0 0 0
2 2 0 100608 0 0
time: 62000
2 1 94320 0 0 0
2 2 0 94320 0 0
time: 63000
2 1 88032 0 0 0
2 2 0 88032 0 0
time: 64000
2 1 81744 0 0 0
2 2 0 81744 0 0
time: 65000
2 1 78600 0 0 0
2 2 0 78600 0 0
time: 66000
2 1 84888 0 0 0
2 2 0 84888 0 0
time: 67000
2 1 91176 0 0 0
2 2 0 91176 0 0
time: 68000
2 1 97464 0 0 0
2 2 0 97464 0 0
time: 69000
2 1 103752 0 0 0
2 2 0 103752 0 0
time: 70000
2 1 103752 0 6288 1
2 2 0 110040 0 0
time: 71000
2 1 103752 0 12576 1
2 2 0 116328 0 0
time: 72000
2 1 103752 0 18864 1
2 2 0 122616 0 0
time: 73000
2 1 103752 0 25152 1
2 2 0 128904 0 0
time: 74000
2 1 103752 0 20960 1
2 2 0 124712 0 0
time: 75000
2 1 103752 0 14672 1
2 2 0 118424 0 0
time: 76000
2 1 103752 0 8384 1
2 2 0 112136 0 0
time: 77000
2 1 103752 0 2096 1
2 2 0 105848 0 0
time: 78000
2 1 99560 0 0 0
2 2 0 99560 0 0
time: 79000
2 1 93272 0 0 0
2 2 0 93272 0 0
time: 80000
2 1 86984 0 0 0
2 2 0 86984 0 0
time: 81000
2 1 80696 0 0 0
2 2 0 80696 0 0
time: 82000
2 1 79648 0 0 0
2 2 0 79648 0 0
time: 83000
2 1 85936 0 0 0
2 2 0 85936 0 0
time: 84000
2 1 92224 0 0 0
2 2 0 92224 0 0
time: 85000
2 1 98512 0 0 0
2 2 0 98512 0 0
time: 86000
2 1 103752 0 1048 1
2 2 0 104800 0 0
time: 87000
2 1 103752 0 7336 1
2 2 0 111088 0 0
time: 88000
2 1 103752 0 13624 1
2 2 0 117376 0 0
time: 89000
2 1 103752 0 19912 1
2 2 0 123664 0 0
time: 90000
2 1 103752 0 26200 1
2 2 0 129952 0 0
time: 91000
2 1 103752 0 19912 1
2 2 0 123664 0 0
time: 92000
2 1 103752 0 13624 1
2 2 0 117376 0 0
time: 93000
2 1 103752 0 7336 1
2 2 0 111088 0 0
time: 94000
2 1 103752 0 1048 1
2 2 0 104800 0 0
time: 95000
2 1 98512 0 0 0
2 2 0 98512 0 0
time: 96000
2 1 92224 0 0 0
2 2 0 92224 0 0
time: 97000
2 1 85936 0 0 0
2 2 0 85936 0 0
time: 98000
2 1 79648 0 0 0
2 2 0 79648 0 0
time: 99000
2 1 79648 0 0 0
2 2 0 79648 0 0
time: 100000
2 1 85936 0 0 0
2 2 0 85936 0 0
time: 101000
2 1 92224 0 0 0
2 2 0 92224 0 0
time: 102000
2 1 98512 0 0 0
2 2 0 98512 0 0
time: 103000
2 1 103752 0 1048 1
2 2 0 104800 0 0
time: 104000
2 1 103752 0 8384 1
2 2 0 112136 0 0
time: 105000
2 1 103752 0 14672 1
2 2 0 118424 0 0
time: 106000
2 1 103752 0 20960 1
2 2 0 124712 0 0
time: 107000
2 1 103752 0 25152 1
2 2 0 128904 0 0
time: 108000
2 1 103752 0 18864 1
2 2 0 122616 0 0
time: 109000
2 1 103752 0 12576 1
2 2 0 116328 0 0
time: 110000
2 1 103752 0 6288 1
2 2 0 110040 0 0
time: 111000
2 1 103752 0 0 1
2 2 0 103752 0 0
time: 112000
2 1 97464 0 0 0
2 2 0 97464 0 0
time: 113000
2 1 91176 0 0 0
2 2 0 91176 0 0
time: 114000
2 1 84888 0 0 0
2 2 0 84888 0 0
time: 115000
2 1 78600 0 0 0
2 2 0 78600 0 0
time: 116000
2 1 80696 0 0 0
2 2 0 80696 0 0
time: 117000
2 1 86984 0 0 0
2 2 0 86984 0 0
time: 118000
2 1 93272 0 0 0
2 2 0 93272 0 0
time: 119000
2 1 99560 0 0 0
2 2 0 99560 0 0
time: 120000
2 1 103752 0 2096 1
2 2 0 105848 0 0
time: 121000
2 1 103752 0 8384 1
2 2 0 112136 0 0
time: 122000
2 1 103752 0 14672 1
2 2 0 118424 0 0
time: 123000
2 1 103752 0 20960 1
2 2 0 124712 0 0
time: 124000
2 1 103752 0 24104 1
2 2 0 127856 0 0
time: 125000
2 1 103752 0 17816 1
2 2 0 121568 0 0
time: 126000
2 1 103752 0 11528 1
2 2 0 115280 0 0
time: 127000
2 1 103752 0 5240 1
2 2 0 108992 0 0
time: 128000
2 1 103752 0 0 1
2 2 0 103752 0 0
time: 129000
2 1 97464 0 0 0
2 2 0 97464 0 0
time: 130000
2 1 91176 0 0 0
2 2 0 91176 0 0
time: 131000
2 1 84888 0 0 0
2 2 0 84888 0 0
time: 132000
2 1 78600 0 0 0
2 2 0 78600 0 0
time: 133000
2 1 81744 0 0 0
2 2 0 81744 0 0
time: 134000
2 1 89080 0 0 0
2 2 0 89080 0 0
time: 135000
2 1 95368 0 0 0
2 2 0 95368 0 0
time: 136000
2 1 101656 0 0 0
2 2 0 101656 0 0
time: 137000
2 1 103752 0 4192 1
2 2 0 107944 0 0
time: 138000
2 1 103752 0 10480 1
2 2 0 114232 0 0
time: 139000
2 1 103752 0 16768 1
2 2 0 120520 0 0
time: 140000
2 1 103752 0 23056 1
2 2 0 126808 0 0
time: 141000
2 1 103752 0 24104 1
2 2 0 127856 0 0
time: 142000
2 1 103752 0 17816 1
2 2 0 121568 0 0
time: 143000
2 1 103752 0 11528 1
2 2 0 115280 0 0
time: 144000
2 1 103752 0 5240 1
2 2 0 108992 0 0
time: 145000
2 1 102704 0 0 1
2 2 0 102704 0 0
time: 146000
2 1 96416 0 0 0
2 2 0 96416 0 0
time: 147000
2 1 90128 0 0 0
2 2 0 90128 0 0
time: 148000
2 1 83840 0 0 0
2 2 0 83840 0 0
time: 149000
2 1 77552 0 0 0
2 2 0 77552 0 0
time: 150000
2 1 82792 0 0 0
2 2 0 82792 0 0
time: 151000
2 1 89080 0 0 0
2 2 0 89080 0 0
time: 152000
2 1 95368 0 0 0
2 2 0 95368 0 0
time: 153000
2 1 101656 0 0 0
2 2 0 101656 0 0
time: 154000
2 1 103752 0 4192 1
2 2 0 107944 0 0
time: 155000
2 1 103752 0 10480 1
2 2 0 114232 0 0
time: 156000
2 1 103752 0 16768 1
2 2 0 120520 0 0
time: 157000
2 1 103752 0 23056 1
2 2 0 126808 0 0
time: 158000
2 1 103752 0 23056 1
2 2 0 126808 0 0
time: 159000
2 1 103752 0 16768 1
2 2 0 120520 0 0
time: 160000
2 1 103752 0 10480 1
2 2 0 114232 0 0
time: 161000
2 1 103752 0 4192 1
2 2 0 107944 0 0
time: 162000
2 1 101656 0 0 0
2 2 0 101656 0 0
time: 163000
2 1 95368 0 0 0
2 2 0 95368 0 0
time: 164000
2 1 89080 0 0 0
2 2 0 89080 0 0
time: 165000
2 1 82792 0 0 0
2 2 0 82792 0 0
time: 166000
2 1 77552 0 0 0
2 2 0 77552 0 0
time: 167000
2 1 83840 0 0 0
2 2 0 83840 0 0
time: 168000
2 1 90128 0 0 0
2 2 0 90128 0 0
time: 169000
2 1 96416 0 0 0
2 2 0 96416 0 0
time: 170000
2 1 102704 0 0 0
2 2 0 102704 0 0
time: 171000
2 1 103752 0 5240 1
2 2 0 108992 0 0
time: 172000
2 1 103752 0 11528 1
2 2 0 115280 0 0
time: 173000
2 1 103752 0 17816 1
2 2 0 121568 0 0
time: 174000
2 1 103752 0 24104 1
2 2 0 127856 0 0
time: 175000
2 1 103752 0 22008 1
2 2 0 125760 0 0
time: 176000
2 1 103752 0 15720 1
2 2 0 119472 0 0
time: 177000
2 1 103752 0 9432 1
2 2 0 113184 0 0
time: 178000
2 1 103752 0 3144 1
2 2 0 106896 0 0
time: 179000
2 1 100608 0 0 0
2 2 0 100608 0 0
time: 180000
2 1 94320 0 0 0
2 2 0 94320 0 0
time: 181000
2 1 88032 0 0 0
2 2 0 88032 0 0
time: 182000
2 1 81744 0 0 0
2 2 0 81744 0 0
time: 183000
2 1 77552 0 0 0
2 2 0 77552 0 0
time: 184000
2 1 83840 0 0 0
2 2 0 83840 0 0
time: 185000
2 1 90128 0 0 0
2 2 0 90128 0 0
time: 186000
2 1 96416 0 0 0
2 2 0 96416 0 0
time: 187000
2 1 102704 0 0 0
2 2 0 102704 0 0
time: 188000
2 1 103752 0 5240 1
2 2 0 108992 0 0
time: 189000
2 1 103752 0 12576 1
2 2 0 116328 0 0
time: 190000
2 1 103752 0 18864 1
2 2 0 122616 0 0
time: 191000
2 1 103752 0 25152 1
2 2 0 128904 0 0
time: 192000
2 1 103752 0 20960 1
2 2 0 124712 0 0
time: 193000
2 1 103752 0 14672 1
2 2 0 118424 0 0
time: 194000
2 1 103752 0 8384 1
2 2 0 112136 0 0
time: 195000
2 1 103752 0 2096 1
2 2 0 105848 0 0
time: 196000
2 1 99560 0 0 0
2 2 0 99560 0 0
time: 197000
2 1 93272 0 0 0
2 2 0 93272 0 0
time: 198000
2 1 86984 0 0 0
2 2 0 86984 0 0
time: 199000
2 1 80696 0 0 0
2 2 0 80696 0 0
time: 200000
2 1 78600 0 0 0
2 2 0 78600 0 0
time: 201000
2 1 84888 0 0 0
2 2 0 84888 0 0
time: 202000
2 1 91176 0 0 0
2 2 0 91176 0 0
time: 203000
2 1 97464 0 0 0
2 2 0 97464 0 0
time: 204000
2 1 103752 0 0 1
2 2 0 103752 0 0
time: 205000
2 1 103752 0 6288 1
2 2 0 110040 0 0
time: 206000
2 1 103752 0 12576 1
2 2 0 116328 0 0
time: 207000
2 1 103752 0 18864 1
2 2 0 122616 0 0
time: 208000
2 1 103752 0 25152 1
2 2 0 128904 0 0
time: 209000
2 1 103752 0 19912 1
2 2 0 123664 0 0
time: 210000
2 1 103752 0 13624 1
2 2 0 117376 0 0
time: 211000
2 1 103752 0 8384 1
2 2 0 112136 0 0
time: 212000
2 1 103752 0 2096 1
2 2 0 105848 0 0
time: 213000
2 1 99560 0 0 0
2 2 0 99560 0 0
time: 214000
2 1 93272 0 0 0
2 2 0 93272 0 0
time: 215000
2 1 86984 0 0 0
2 2 0 86984 0 0
time: 216000
2 1 80696 0 0 0
2 2 0 80696 0 0
time: 217000
2 1 79648 0 0 0
2 2 0 79648 0 0
time: 218000
2 1 86984 0 0 0
2 2 0 86984 0 0
time: 219000
2 1 93272 0 0 0
2 2 0 93272 0 0
time: 220000
2 1 99560 0 0 0
2 2 0 99560 0 0
time: 221000
2 1 103752 0 2096 1
2 2 0 105848 0 0
time: 222000
2 1 103752 0 8384 1
2 2 0 112136 0 0
time: 223000
2 1 103752 0 14672 1
2 2 0 118424 0 0
time: 224000
2 1 103752 0 20960 1
2 2 0 124712 0 0
time: 225000
2 1 103752 0 26200 1
2 2 0 129952 0 0
time: 226000
2 1 103752 0 19912 1
2 2 0 123664 0 0
time: 227000
2 1 103752 0 13624 1
2 2 0 117376 0 0
time: 228000
2 1 103752 0 7336 1
2 2 0 111088 0 0
time: 229000
2 1 103752 0 1048 1
2 2 0 104800 0 0
time: 230000
2 1 98512 0 0 0
2 2 0 98512 0 0
time: 231000
2 1 92224 0 0 0
2 2 0 92224 0 0
time: 232000
2 1 85936 0 0 0
2 2 0 85936 0 0
time: 233000
2 1 79648 0 0 0
2 2 0 79648 0 0
time: 234000
2 1 80696 0 0 0
2 2 0 80696 0 0
time: 235000
2 1 86984 0 0 0
2 2 0 86984 0 0
time: 236000
2 1 93272 0 0 0
2 2 0 93272 0 0
time: 237000
2 1 99560 0 0 0
2 2 0 99560 0 0
time: 238000
2 1 103752 0 2096 1
2 2 0 105848 0 0
time: 239000
2 1 103752 0 8384 1
2 2 0 112136 0 0
time: 240000
2 1 103752 0 14672 1
2 2 0 118424 0 0
time: 241000
2 1 103752 0 20960 1
2 2 0 124712 0 0
time: 242000
2 1 103752 0 25152 1
2 2 0 128904 0 0
time: 243000
2 1 103752 0 18864 1
2 2 0 122616 0 0
time: 244000
2 1 103752 0 12576 1
2 2 0 116328 0 0
time: 245000
2 1 103752 0 6288 1
2 2 0 110040 0 0
time: 246000
2 1 103752 0 0 1
2 2 0 103752 0 0
time: 247000
2 1 97464 0 0 0
2 2 0 97464 0 0
time: 248000
2 1 91176 0 0 0
2 2 0 91176 0 0
time: 249000
2 1 84888 0 0 0
2 2 0 84888 0 0
time: 250000
2 1 78600 0 0 0
2 2 0 78600 0 0
time: 251000
2 1 81744 0 0 0
2 2 0 81744 0 0
time: 252000
2 1 88032 0 0 0
2 2 0 88032 0 0
time: 253000
2 1 94320 0 0 0
2 2 0 94320 0 0
time: 254000
2 1 100608 0 0 0
2 2 0 100608 0 0
time: 255000
2 1 103752 0 3144 1
2 2 0 106896 0 0
time: 256000
2 1 103752 0 9432 1
2 2 0 113184 0 0
time: 257000
2 1 103752 0 15720 1
2 2 0 119472 0 0
time: 258000
2 1 103752 0 22008 1
2 2 0 125760 0 0
time: 259000
2 1 103752 0 24104 1
2 2 0 127856 0 0
time: 260000
2 1 103752 0 17816 1
2 2 0 121568 0 0
time: 261000
2 1 103752 0 11528 1
2 2 0 115280 0 0
time: 262000
2 1 103752 0 5240 1
2 2 0 108992 0 0
time: 263000
2 1 102704 0 0 1
2 2 0 102704 0 0
time: 264000
2 1 96416 0 0 0
2 2 0 96416 0 0
time: 265000
2 1 90128 0 0 0
2 2 0 90128 0 0
time: 266000
2 1 83840 0 0 0
2 2 0 83840 0 0
time: 267000
2 1 77552 0 0 0
2 2 0 77552 0 0
time: 268000
2 1 81744 0 0 0
2 2 0 81744 0 0
time: 269000
2 1 88032 0 0 0
2 2 0 88032 0 0
time: 270000
2 1 94320 0 0 0
2 2 0 94320 0 0
time: 271000
2 1 100608 0 0 0
2 2 0 100608 0 0
time: 272000
2 1 103752 0 3144 1
2 2 0 106896 0 0
time: 273000
2 1 103752 0 10480 1
2 2 0 114232 0 0
time: 274000
2 1 103752 0 16768 1
2 2 0 120520 0 0
time: 275000
2 1 103752 0 23056 1
2 2 0 126808 0 0
time: 276000
2 1 103752 0 23056 1
2 2 0 126808 0 0
time: 277000
2 1 103752 0 16768 1
2 2 0 120520 0 0
time: 278000
2 1 103752 0 10480 1
2 2 0 114232 0 0
time: 279000
2 1 103752 0 4192 1
2 2 0 107944 0 0
time: 280000
2 1 101656 0 0 0
2 2 0 101656 0 0
time: 281000
2 1 95368 0 0 0
2 2 0 95368 0 0
time: 282000
2 1 89080 0 0 0
2 2 0 89080 0 0
time: 283000
2 1 82792 0 0 0
2 2 0 82792 0 0
time: 284000
2 1 76504 0 0 0
2 2 0 76504 0 0
time: 285000
2 1 82792 0 0 0
2 2 0 82792 0 0
time: 286000
2 1 89080 0 0 0
2 2 0 89080 0 0
time: 287000
2 1 95368 0 0 0
2 2 0 95368 0 0
time: 288000
2 1 101656 0 0 0
2 2 0 101656 0 0
time: 289000
2 1 103752 0 4192 1
2 2 0 107944 0 0
time: 290000
2 1 103752 0 10480 1
2 2 0 114232 0 0
time: 291000
2 1 103752 0 16768 1
2 2 0 120520 0 0
time: 292000
2 1 103752 0 23056 1
2 2 0 126808 0 0
time: 293000
2 1 103752 0 22008 1
2 2 0 125760 0 0
time: 294000
2 1 103752 0 15720 1
2 2 0 119472 0 0
time: 295000
2 1 103752 0 10480 1
2 2 0 114232 0 0
time: 296000
2 1 103752 0 4192 1
2 2 0 107944 0 0
time: 297000
2 1 101656 0 0 0
2 2 0 101656 0 0
time: 298000
2 1 95368 0 0 0
2 2 0 95368 0 0
time: 299000
2 1 89080 0 0 0
2 2 0 89080 0 0
time: 300000
2 1 82792 0 0 0
2 2 0 82792 0 0
time: 301000
2 1 77552 0 0 0
2 2 0 77552 0 0
time: 302000
2 1 83840 0 0 0
2 2 0 83840 0 0
time: 303000
2 1 91176 0 0 0
2 2 0 91176 0 0
time: 304000
2 1 97464 0 0 0
2 2 0 97464 0 0
time: 305000
2 1 103752 0 0 0
2 2 0 103752 0 0
time: 306000
2 1 103752 0 6288 1
2 2 0 110040 0 0
time: 307000
2 1 103752 0 12576 1
2 2 0 116328 0 0
time: 308000
2 1 103752 0 18864 1
2 2 0 122616 0 0
time: 309000
2 1 103752 0 25152 1
2 2 0 128904 0 0
time: 310000
2 1 103752 0 22008 1
2 2 0 125760 0 0
time: 311000
2 1 103752 0 15720 1
2 2 0 119472 0 0
time: 312000
2 1 103752 0 9432 1
2 2 0 113184 0 0
time: 313000
2 1 103752 0 3144 1
2 2 0 106896 0 0
time: 314000
2 1 100608 0 0 0
2 2 0 100608 0 0
time: 315000
2 1 94320 0 0 0
2 2 0 94320 0 0
time: 316000
2 1 88032 0 0 0
2 2 0 88032 0 0
time: 317000
2 1 81744 0 0 0
2 2 0 81744 0 0
time: 318000
2 1 78600 0 0 0
2 2 0 78600 0 0
time: 319000
2 1 84888 0 0 0
2 2 0 84888 0 0
time: 320000
2 1 91176 0 0 0
2 2 0 91176 0 0
time: 321000
2 1 97464 0 0 0
2 2 0 97464 0 0
time: 322000
2 1 103752 0 0 0
2 2 0 103752 0 0
time: 323000
2 1 103752 0 6288 1
2 2 0 110040 0 0
time: 324000
2 1 103752 0 12576 1
2 2 0 116328 0 0
time: 325000
2 1 103752 0 18864 1
2 2 0 122616 0 0
time: 326000
2 1 103752 0 25152 1
2 2 0 128904 0 0
time: 327000
2 1 103752 0 20960 1
2 2 0 124712 0 0
time: 328000
2 1 103752 0 14672 1
2 2 0 118424 0 0
time: 329000
2 1 103752 0 8384 1
2 2 0 112136 0 0
time: 330000
2 1 103752 0 2096 1
2 2 0 105848 0 0
time: 331000
2 1 99560 0 0 0
2 2 0 99560 0 0
time: 332000
2 1 93272 0 0 0
2 2 0 93272 0 0
time: 333000
2 1 86984 0 0 0
2 2 0 86984 0 0
time: 334000
2 1 80696 0 0 0
2 2 0 80696 0 0
time: 335000
2 1 79648 0 0 0
2 2 0 79648 0 0
time: 336000
2 1 85936 0 0 0
2 2 0 85936 0 0
time: 337000
2 1 92224 0 0 0
2 2 0 92224 0 0
time: 338000
2 1 98512 0 0 0
2 2 0 98512 0 0
time: 339000
2 1 103752 0 1048 1
2 2 0 104800 0 0
time: 340000
2 1 103752 0 7336 1
2 2 0 111088 0 0
time: 341000
2 1 103752 0 13624 1
2 2 0 117376 0 0
time: 342000
2 1 103752 0 19912 1
2 2 0 123664 0 0
time: 343000
2 1 103752 0 26200 1
2 2 0 129952 0 0
time: 344000
2 1 103752 0 19912 1
2 2 0 123664 0 0
time: 345000
2 1 103752 0 13624 1
2 2 0 117376 0 0
time: 346000
2 1 103752 0 7336 1
2 2 0 111088 0 0
time: 347000
2 1 103752 0 1048 1
2 2 0 104800 0 0
time: 348000
2 1 98512 0 0 0
2 2 0 98512 0 0
time: 349000
2 1 92224 0 0 0
2 2 0 92224 0 0
time: 350000
2 1 85936 0 0 0
2 2 0 85936 0 0
time: 351000
2 1 79648 0 0 0
2 2 0 79648 0 0
time: 352000
2 1 79648 0 0 0
2 2 0 79648 0 0
time: 353000
2 1 85936 0 0 0
2 2 0 85936 0 0
time: 354000
2 1 92224 0 0 0
2 2 0 92224 0 0
time: 355000
2 1 98512 0 0 0
2 2 0 98512 0 0
time: 356000
2 1 103752 0 1048 1
2 2 0 104800 0 0
time: 357000
2 1 103752 0 7336 1
2 2 0 111088 0 0
time: 358000
2 1 103752 0 14672 1
2 2 0 118424 0 0
time: 359000
2 1 103752 0 20960 1
2 2 0 124712 0 0
time: 360000
2 1 103752 0 25152 1
2 2 0 128904 0 0
time: 361000
2 1 103752 0 18864 1
2 2 0 122616 0 0
time: 362000
2 1 103752 0 12576 1
2 2 0 116328 0 0
time: 363000
2 1 103752 0 6288 1
2 2 0 110040 0 0
time: 364000
2 1 103752 0 0 1
2 2 0 103752 0 0
time: 365000
2 1 97464 0 0 0
2 2 0 97464 0 0
time: 366000
2 1 91176 0 0 0
2 2 0 91176 0 0
time: 367000
2 1 84888 0 0 0
2 2 0 84888 0 0
time: 368000
2 1 78600 0 0 0
2 2 0 78600 0 0
time: 369000
2 1 80696 0 0 0
2 2 0 80696 0 0
time: 370000
2 1 86984 0 0 0
2 2 0 86984 0 0
time: 371000
2 1 93272 0 0 0
2 2 0 93272 0 0
time: 372000
2 1 99560 0 0 0
2 2 0 99560 0 0
time: 373000
2 1 103752 0 2096 1
2 2 0 105848 0 0
time: 374000
2 1 103752 0 8384 1
2 2 0 112136 0 0
time: 375000
2 1 103752 0 14672 1
2 2 0 118424 0 0
time: 376000
2 1 103752 0 20960 1
2 2 0 124712 0 0
time: 377000
2 1 103752 0 24104 1
2 2 0 127856 0 0
time: 378000
2 1 103752 0 18864 1
2 2 0 122616 0 0
time: 379000
2 1 103752 0 12576 1
2 2 0 116328 0 0
time: 380000
2 1 103752 0 6288 1
2 2 0 110040 0 0
time: 381000
2 1 103752 0 0 1
2 2 0 103752 0 0
time: 382000
2 1 97464 0 0 0
2 2 0 97464 0 0
time: 383000
2 1 91176 0 0 0
2 2 0 91176 0 0
time: 384000
2 1 84888 0 0 0
2 2 0 84888 0 0
time: 385000
2 1 78600 0 0 0
2 2 0 78600 0 0
time: 386000
2 1 81744 0 0 0
2 2 0 81744 0 0
time: 387000
2 1 88032 0 0 0
2 2 0 88032 0 0
time: 388000
2 1 95368 0 0 0
2 2 0 95368 0 0
time: 389000
2 1 101656 0 0 0
2 2 0 101656 0 0
time: 390000
2 1 103752 0 4192 1
2 2 0 107944 0 0
time: 391000
2 1 103752 0 10480 1
2 2 0 114232 0 0
time: 392000
2 1 103752 0 16768 1
2 2 0 120520 0 0
time: 393000
2 1 103752 0 23056 1
2 2 0 126808 0 0
time: 394000
2 1 103752 0 24104 1
2 2 0 127856 0 0
time: 395000
2 1 103752 0 17816 1
2 2 0 121568 0 0
time: 396000
2 1 103752 0 11528 1
2 2 0 115280 0 0
time: 397000
2 1 103752 0 5240 1
2 2 0 108992 0 0
time: 398000
2 1 102704 0 0 1
2 2 0 102704 0 0
time: 399000
2 1 96416 0 0 0
2 2 0 96416 0 0
time: 400000
2 1 90128 0 0 0
2 2 0 90128 0 0
time: 401000
2 1 83840 0 0 0
2 2 0 83840 0 0
time: 402000
2 1 77552 0 0 0
2 2 0 77552 0 0
time: 403000
2 1 82792 0 0 0
2 2 0 82792 0 0
time: 404000
2 1 89080 0 0 0
2 2 0 89080 0 0
time: 405000
2 1 95368 0 0 0
2 2 0 95368 0 0
time: 406000
2 1 101656 0 0 0
2 2 0 101656 0 0
time: 407000
2 1 103752 0 4192 1
2 2 0 107944 0 0
time: 408000
2 1 103752 0 10480 1
2 2 0 114232 0 0
time: 409000
2 1 103752 0 16768 1
2 2 0 120520 0 0
time: 410000
2 1 103752 0 23056 1
2 2 0 126808 0 0
time: 411000
2 1 103752 0 23056 1
2 2 0 126808 0 0
time: 412000
2 1 103752 0 16768 1
2 2 0 120520 0 0
time: 413000
2 1 103752 0 10480 1
2 2 0 114232 0 0
time: 414000
2 1 103752 0 4192 1
2 2 0 107944 0 0
time: 415000
2 1 101656 0 0 0
2 2 0 101656 0 0
time: 416000
2 1 95368 0 0 0
2 2 0 95368 0 0
time: 417000
2 1 89080 0 0 0
2 2 0 89080 0 0
time: 418000
2 1 82792 0 0 0
2 2 0 82792 0 0
time: 419000
2 1 77552 0 0 0
2 2 0 77552 0 0
time: 420000
2 1 83840 0 0 0
2 2 0 83840 0 0
time: 421000
2 1 90128 0 0 0
2 2 0 90128 0 0
time: 422000
2 1 96416 0 0 0
2 2 0 96416 0 0
time: 423000
2 1 102704 0 0 0
2 2 0 102704 0 0
time: 424000
2 1 103752 0 5240 1
2 2 0 108992 0 0
time: 425000
2 1 103752 0 11528 1
2 2 0 115280 0 0
time: 426000
2 1 103752 0 17816 1
2 2 0 121568 0 0
time: 427000
2 1 103752 0 24104 1
2 2 0 127856 0 0
time: 428000
2 1 103752 0 22008 1
2 2 0 125760 0 0
time: 429000
2 1 103752 0 15720 1
2 2 0 119472 0 0
time: 430000
2 1 103752 0 9432 1
2 2 0 113184 0 0
time: 431000
2 1 103752 0 3144 1
2 2 0 106896 0 0
time: 432000
2 1 100608 0 0 0
2 2 0 100608 0 0
time: 433000
2 1 94320 0 0 0
2 2 0 94320 0 0
time: 434000
2 1 88032 0 0 0
2 2 0 88032 0 0
time: 435000
2 1 81744 0 0 0
2 2 0 81744 0 0
time: 436000
2 1 77552 0 0 0
2 2 0 77552 0 0
time: 437000
2 1 83840 0 0 0
2 2 0 83840 0 0
time: 438000
2 1 90128 0 0 0
2 2 0 90128 0 0
time: 439000
2 1 96416 0 0 0
2 2 0 96416 0 0
time: 440000
2 1 102704 0 0 0
2 2 0 102704 0 0
time: 441000
2 1 103752 0 5240 1
2 2 0 108992 0 0
time: 442000
2 1 103752 0 11528 1
2 2 0 115280 0 0
time: 443000
2 1 103752 0 18864 1
2 2 0 122616 0 0
time: 444000
2 1 103752 0 25152 1
2 2 0 128904 0 0
time: 445000
2 1 103752 0 20960 1
2 2 0 124712 0 0
time: 446000
2 1 103752 0 14672 1
2 2 0 118424 0 0
time: 447000
2 1 103752 0 8384 1
2 2 0 112136 0 0
time: 448000
2 1 103752 0 2096 1
2 2 0 105848 0 0
time: 449000
2 1 99560 0 0 0
2 2 0 99560 0 0
time: 450000
2 1 93272 0 0 0
2 2 0 93272 0 0
time: 451000
2 1 86984 0 0 0
2 2 0 86984 0 0
time: 452000
2 1 80696 0 0 0
2 2 0 80696 0 0
time: 453000
2 1 78600 0 0 0
2 2 0 78600 0 0
time: 454000
2 1 84888 0 0 0
2 2 0 84888 0 0
time: 455000
2 1 91176 0 0 0
2 2 0 91176 0 0
time: 456000
2 1 97464 0 0 0
2 2 0 97464 0 0
time: 457000
2 1 103752 0 0 1
2 2 0 103752 0 0
time: 458000
2 1 103752 0 6288 1
2 2 0 110040 0 0
time: 459000
2 1 103752 0 12576 1
2 2 0 116328 0 0
time: 460000
2 1 103752 0 18864 1
2 2 0 122616 0 0
time: 461000
2 1 103752 0 25152 1
2 2 0 128904 0 0
time: 462000
2 1 103752 0 20960 1
2 2 0 124712 0 0
time: 463000
2 1 103752 0 14672 1
2 2 0 118424 0 0
time: 464000
2 1 103752 0 8384 1
2 2 0 112136 0 0
time: 465000
2 1 103752 0 2096 1
2 2 0 105848 0 0
time: 466000
2 1 99560 0 0 0
2 2 0 99560 0 0
time: 467000
2 1 93272 0 0 0
2 2 0 93272 0 0
time: 468000
2 1 86984 0 0 0
2 2 0 86984 0 0
time: 469000
2 1 80696 0 0 0
2 2 0 80696 0 0
time: 470000
2 1 79648 0 0 0
2 2 0 79648 0 0
time: 471000
2 1 85936 0 0 0
2 2 0 85936 0 0
time: 472000
2 1 92224 0 0 0
2 2 0 92224 0 0
time: 473000
2 1 99560 0 0 0
2 2 0 99560 0 0
time: 474000
2 1 103752 0 2096 1
2 2 0 105848 0 0
time: 475000
2 1 103752 0 8384 1
2 2 0 112136 0 0
time: 476000
2 1 103752 0 14672 1
2 2 0 118424 0 0
time: 477000
2 1 103752 0 20960 1
2 2 0 124712 0 0
time: 478000
2 1 103752 0 26200 1
2 2 0 129952 0 0
time: 479000
2 1 103752 0 19912 1
2 2 0 123664 0 0
time: 480000
2 1 103752 0 13624 1
2 2 0 117376 0 0
time: 481000
2 1 103752 0 7336 1
2 2 0 111088 0 0
time: 482000
2 1 103752 0 1048 1
2 2 0 104800 0 0
time: 483000
2 1 98512 0 0 0
2 2 0 98512 0 0
time: 484000
2 1 92224 0 0 0
2 2 0 92224 0 0
time: 485000
2 1 85936 0 0 0
2 2 0 85936 0 0
time: 486000
2 1 79648 0 0 0
2 2 0 79648 0 0
time: 487000
2 1 80696 0 0 0
2 2 0 80696 0 0
time: 488000
2 1 86984 0 0 0
2 2 0 86984 0 0
time: 489000
2 1 88032 0 0 0
2 2 0 88032 0 0
time: 490000
2 1 81744 0 0 0
2 2 0 81744 0 0
time: 491000
2 1 75456 0 0 0
2 2 0 75456 0 0
time: 492000
2 1 69168 0 0 0
2 2 0 69168 0 0
time: 493000
2 1 62880 0 0 0
2 2 0 62880 0 0
time: 494000
2 1 56592 0 0 0
2 2 0 56592 0 0
time: 495000
2 1 50304 0 0 0
2 2 0 50304 0 0
time: 496000
2 1 44016 0 0 0
2 2 0 44016 0 0
time: 497000
2 1 37728 0 0 0
2 2 0 37728 0 0
time: 498000
2 1 31440 0 0 0
2 2 0 31440 0 0
time: 499000
2 1 25152 0 0 0
2 2 0 25152 0 0
time: 500000
2 1 18864 0 0 0
2 2 0 18864 0 0
time: 501000
2 1 12576 0 0 0
2 2 0 12576 0 0
time: 502000
2 1 6288 0 0 0
2 2 0 6288 0 0
time: 503000
time: 504000
time: 505000
time: 506000
time: 507000
time: 508000
time: 509000
