# Link Utilization Monitor
# Format: time: <timestamp_ns>
# node_id port_id tx_bytes_total tx_throughput_Gbps tx_util_percent
time: 0
time: 5000
time: 10000
0 1 125760 100.6080 100.00
1 1 2100 2.8800 5.76
2 1 1380 2.2080 2.21
2 2 50304 50.3040 100.00
time: 15000
0 1 188640 100.6080 100.00
1 1 3900 2.8800 5.76
2 1 3180 2.8800 2.88
2 2 81744 50.3040 100.00
time: 20000
0 1 251520 100.6080 100.00
1 1 5700 2.8800 5.76
2 1 5023 2.9488 2.95
2 2 113184 50.3040 100.00
time: 25000
0 1 258856 11.7376 11.74
1 1 7500 2.8800 5.76
2 1 6823 2.8800 2.88
2 2 144624 50.3040 100.00
time: 30000
0 1 271432 20.1216 20.12
1 1 9300 2.8800 5.76
2 1 8666 2.9488 2.95
2 2 176064 50.3040 100.00
time: 35000
0 1 334312 100.6080 100.00
1 1 11100 2.8800 5.76
2 1 10466 2.8800 2.88
2 2 207504 50.3040 100.00
time: 40000
0 1 364704 48.6272 48.63
1 1 12900 2.8800 5.76
2 1 12309 2.9488 2.95
2 2 238944 50.3040 100.00
time: 45000
0 1 364704 0.0000 0.00
1 1 14640 2.7840 5.57
2 1 14092 2.8528 2.85
2 2 269336 48.6272 97.25
time: 50000
0 1 417104 83.8400 83.84
1 1 16440 2.8800 5.76
2 1 15892 2.8800 2.88
2 2 300776 50.3040 100.00
time: 55000
0 1 470552 85.5168 85.52
1 1 18240 2.8800 5.76
2 1 17735 2.9488 2.95
2 2 332216 50.3040 100.00
time: 60000
0 1 470552 0.0000 0.00
1 1 20040 2.8800 5.76
2 1 19535 2.8800 2.88
2 2 363656 50.3040 100.00
time: 65000
0 1 498848 45.2736 45.27
1 1 21840 2.8800 5.76
2 1 21378 2.9488 2.95
2 2 395096 50.3040 100.00
time: 70000
0 1 561728 100.6080 100.00
1 1 23640 2.8800 5.76
2 1 23221 2.9488 2.95
2 2 426536 50.3040 100.00
time: 75000
0 1 576400 23.4752 23.48
1 1 25440 2.8800 5.76
2 1 25021 2.8800 2.88
2 2 457976 50.3040 100.00
time: 80000
0 1 581640 8.3840 8.38
1 1 27240 2.8800 5.76
2 1 26864 2.9488 2.95
2 2 489416 50.3040 100.00
time: 85000
0 1 644520 100.6080 100.00
1 1 29040 2.8800 5.76
2 1 28664 2.8800 2.88
2 2 520856 50.3040 100.00
time: 90000
0 1 682248 60.3648 60.36
1 1 30840 2.8800 5.76
2 1 30507 2.9488 2.95
2 2 552296 50.3040 100.00
time: 95000
0 1 682248 0.0000 0.00
1 1 32640 2.8800 5.76
2 1 32350 2.9488 2.95
2 2 583736 50.3040 100.00
time: 100000
0 1 726264 70.4256 70.43
1 1 34440 2.8800 5.76
2 1 34150 2.8800 2.88
2 2 615176 50.3040 100.00
time: 105000
0 1 788096 98.9312 98.93
1 1 36240 2.8800 5.76
2 1 35993 2.9488 2.95
2 2 646616 50.3040 100.00
time: 110000
0 1 788096 0.0000 0.00
1 1 38040 2.8800 5.76
2 1 37793 2.8800 2.88
2 2 678056 50.3040 100.00
time: 115000
0 1 809056 33.5360 33.54
1 1 39840 2.8800 5.76
2 1 39636 2.9488 2.95
2 2 709496 50.3040 100.00
time: 120000
0 1 871936 100.6080 100.00
1 1 41640 2.8800 5.76
2 1 41479 2.9488 2.95
2 2 740936 50.3040 100.00
time: 125000
0 1 893944 35.2128 35.21
1 1 43380 2.7840 5.57
2 1 43279 2.8800 2.88
2 2 772376 50.3040 100.00
time: 130000
0 1 893944 0.0000 0.00
1 1 45180 2.8800 5.76
2 1 45062 2.8528 2.85
2 2 802768 48.6272 97.25
time: 135000
0 1 954728 97.2544 97.25
1 1 46980 2.8800 5.76
2 1 46862 2.8800 2.88
2 2 834208 50.3040 100.00
time: 140000
0 1 999792 72.1024 72.10
1 1 48780 2.8800 5.76
2 1 48705 2.9488 2.95
2 2 865648 50.3040 100.00
time: 145000
0 1 999792 0.0000 0.00
1 1 50580 2.8800 5.76
2 1 50505 2.8800 2.88
2 2 897088 50.3040 100.00
time: 150000
0 1 1036472 58.6880 58.69
1 1 52380 2.8800 5.76
2 1 52348 2.9488 2.95
2 2 928528 50.3040 100.00
time: 155000
0 1 1099352 100.6080 100.00
1 1 54180 2.8800 5.76
2 1 54191 2.9488 2.95
2 2 959968 50.3040 100.00
time: 160000
0 1 1105640 10.0608 10.06
1 1 55980 2.8800 5.76
2 1 55991 2.8800 2.88
2 2 991408 50.3040 100.00
time: 165000
0 1 1119264 21.7984 21.80
1 1 57780 2.8800 5.76
2 1 57834 2.9488 2.95
2 2 1022848 50.3040 100.00
time: 170000
0 1 1182144 100.6080 100.00
1 1 59580 2.8800 5.76
2 1 59634 2.8800 2.88
2 2 1054288 50.3040 100.00
time: 175000
0 1 1211488 46.9504 46.95
1 1 61380 2.8800 5.76
2 1 61477 2.9488 2.95
2 2 1085728 50.3040 100.00
time: 180000
0 1 1211488 0.0000 0.00
1 1 63180 2.8800 5.76
2 1 63320 2.9488 2.95
2 2 1117168 50.3040 100.00
time: 185000
0 1 1263888 83.8400 83.84
1 1 64980 2.8800 5.76
2 1 65120 2.8800 2.88
2 2 1148608 50.3040 100.00
time: 190000
0 1 1317336 85.5168 85.52
1 1 66780 2.8800 5.76
2 1 66963 2.9488 2.95
2 2 1180048 50.3040 100.00
time: 195000
0 1 1317336 0.0000 0.00
1 1 68580 2.8800 5.76
2 1 68763 2.8800 2.88
2 2 1211488 50.3040 100.00
time: 200000
0 1 1346680 46.9504 46.95
1 1 70380 2.8800 5.76
2 1 70606 2.9488 2.95
2 2 1242928 50.3040 100.00
time: 205000
0 1 1409560 100.6080 100.00
1 1 72180 2.8800 5.76
2 1 72449 2.9488 2.95
2 2 1274368 50.3040 100.00
time: 210000
0 1 1423184 21.7984 21.80
1 1 73920 2.7840 5.57
2 1 74249 2.8800 2.88
2 2 1305808 50.3040 100.00
time: 215000
0 1 1428424 8.3840 8.38
1 1 75720 2.8800 5.76
2 1 76032 2.8528 2.85
2 2 1336200 48.6272 97.25
time: 220000
0 1 1492352 102.2848 100.00
1 1 77520 2.8800 5.76
2 1 77832 2.8800 2.88
2 2 1367640 50.3040 100.00
time: 225000
0 1 1529032 58.6880 58.69
1 1 79320 2.8800 5.76
2 1 79675 2.9488 2.95
2 2 1399080 50.3040 100.00
time: 230000
0 1 1529032 0.0000 0.00
1 1 81120 2.8800 5.76
2 1 81518 2.9488 2.95
2 2 1430520 50.3040 100.00
time: 235000
0 1 1574096 72.1024 72.10
1 1 82920 2.8800 5.76
2 1 83318 2.8800 2.88
2 2 1461960 50.3040 100.00
time: 240000
0 1 1634880 97.2544 97.25
1 1 84720 2.8800 5.76
2 1 85161 2.9488 2.95
2 2 1493400 50.3040 100.00
time: 245000
0 1 1634880 0.0000 0.00
1 1 86520 2.8800 5.76
2 1 86961 2.8800 2.88
2 2 1524840 50.3040 100.00
time: 250000
0 1 1656888 35.2128 35.21
1 1 88320 2.8800 5.76
2 1 88804 2.9488 2.95
2 2 1556280 50.3040 100.00
time: 255000
0 1 1719768 100.6080 100.00
1 1 90120 2.8800 5.76
2 1 90647 2.9488 2.95
2 2 1587720 50.3040 100.00
time: 260000
0 1 1740728 33.5360 33.54
1 1 91920 2.8800 5.76
2 1 92447 2.8800 2.88
2 2 1619160 50.3040 100.00
time: 265000
0 1 1740728 0.0000 0.00
1 1 93720 2.8800 5.76
2 1 94290 2.9488 2.95
2 2 1650600 50.3040 100.00
time: 270000
0 1 1801512 97.2544 97.25
1 1 95520 2.8800 5.76
2 1 96090 2.8800 2.88
2 2 1682040 50.3040 100.00
time: 275000
0 1 1846576 72.1024 72.10
1 1 97320 2.8800 5.76
2 1 97933 2.9488 2.95
2 2 1713480 50.3040 100.00
time: 280000
0 1 1846576 0.0000 0.00
1 1 99120 2.8800 5.76
2 1 99776 2.9488 2.95
2 2 1744920 50.3040 100.00
time: 285000
0 1 1884304 60.3648 60.36
1 1 100920 2.8800 5.76
2 1 101576 2.8800 2.88
2 2 1776360 50.3040 100.00
time: 290000
0 1 1947184 100.6080 100.00
1 1 102720 2.8800 5.76
2 1 103419 2.9488 2.95
2 2 1807800 50.3040 100.00
time: 295000
0 1 1952424 8.3840 8.38
1 1 104460 2.7840 5.57
2 1 105159 2.7840 2.78
2 2 1838192 48.6272 97.25
time: 300000
0 1 1966048 21.7984 21.80
1 1 106260 2.8800 5.76
2 1 107002 2.9488 2.95
2 2 1869632 50.3040 100.00
time: 305000
0 1 2029976 102.2848 100.00
1 1 108060 2.8800 5.76
2 1 108802 2.8800 2.88
2 2 1901072 50.3040 100.00
time: 310000
0 1 2058272 45.2736 45.27
1 1 109860 2.8800 5.76
2 1 110645 2.9488 2.95
2 2 1932512 50.3040 100.00
time: 315000
0 1 2058272 0.0000 0.00
1 1 111660 2.8800 5.76
2 1 112488 2.9488 2.95
2 2 1963952 50.3040 100.00
time: 320000
0 1 2111720 85.5168 85.52
1 1 113460 2.8800 5.76
2 1 114288 2.8800 2.88
2 2 1995392 50.3040 100.00
time: 325000
0 1 2164120 83.8400 83.84
1 1 115260 2.8800 5.76
2 1 116131 2.9488 2.95
2 2 2026832 50.3040 100.00
time: 330000
0 1 2164120 0.0000 0.00
1 1 117060 2.8800 5.76
2 1 117931 2.8800 2.88
2 2 2058272 50.3040 100.00
time: 335000
0 1 2194512 48.6272 48.63
1 1 118860 2.8800 5.76
2 1 119774 2.9488 2.95
2 2 2089712 50.3040 100.00
time: 340000
0 1 2257392 100.6080 100.00
1 1 120660 2.8800 5.76
2 1 121617 2.9488 2.95
2 2 2121152 50.3040 100.00
time: 345000
0 1 2269968 20.1216 20.12
1 1 122460 2.8800 5.76
2 1 123417 2.8800 2.88
2 2 2152592 50.3040 100.00
time: 350000
0 1 2276256 10.0608 10.06
1 1 124260 2.8800 5.76
2 1 125260 2.9488 2.95
2 2 2184032 50.3040 100.00
time: 355000
0 1 2339136 100.6080 100.00
1 1 126060 2.8800 5.76
2 1 127060 2.8800 2.88
2 2 2215472 50.3040 100.00
time: 360000
0 1 2375816 58.6880 58.69
1 1 127860 2.8800 5.76
2 1 128903 2.9488 2.95
2 2 2246912 50.3040 100.00
time: 365000
0 1 2375816 0.0000 0.00
1 1 129660 2.8800 5.76
2 1 130746 2.9488 2.95
2 2 2278352 50.3040 100.00
time: 370000
0 1 2421928 73.7792 73.78
1 1 131460 2.8800 5.76
2 1 132546 2.8800 2.88
2 2 2309792 50.3040 100.00
time: 375000
0 1 2481664 95.5776 95.58
1 1 133260 2.8800 5.76
2 1 134389 2.9488 2.95
2 2 2341232 50.3040 100.00
time: 380000
0 1 2481664 0.0000 0.00
1 1 135000 2.7840 5.57
2 1 136129 2.7840 2.78
2 2 2371624 48.6272 97.25
time: 385000
0 1 2503672 35.2128 35.21
1 1 136800 2.8800 5.76
2 1 137972 2.9488 2.95
2 2 2403064 50.3040 100.00
time: 390000
0 1 2567600 102.2848 100.00
1 1 138600 2.8800 5.76
2 1 139815 2.9488 2.95
2 2 2434504 50.3040 100.00
time: 395000
0 1 2587512 31.8592 31.86
1 1 140400 2.8800 5.76
2 1 141615 2.8800 2.88
2 2 2465944 50.3040 100.00
time: 400000
0 1 2587512 0.0000 0.00
1 1 142200 2.8800 5.76
2 1 143458 2.9488 2.95
2 2 2497384 50.3040 100.00
time: 405000
0 1 2649344 98.9312 98.93
1 1 144000 2.8800 5.76
2 1 145258 2.8800 2.88
2 2 2528824 50.3040 100.00
time: 410000
0 1 2693360 70.4256 70.43
1 1 145800 2.8800 5.76
2 1 147101 2.9488 2.95
2 2 2560264 50.3040 100.00
time: 415000
0 1 2693360 0.0000 0.00
1 1 147600 2.8800 5.76
2 1 148944 2.9488 2.95
2 2 2591704 50.3040 100.00
time: 420000
0 1 2732136 62.0416 62.04
1 1 149400 2.8800 5.76
2 1 150744 2.8800 2.88
2 2 2623144 50.3040 100.00
time: 425000
0 1 2795016 100.6080 100.00
1 1 151200 2.8800 5.76
2 1 152587 2.9488 2.95
2 2 2654584 50.3040 100.00
time: 430000
0 1 2799208 6.7072 6.71
1 1 153000 2.8800 5.76
2 1 154387 2.8800 2.88
2 2 2686024 50.3040 100.00
time: 435000
0 1 2813880 23.4752 23.48
1 1 154800 2.8800 5.76
2 1 156230 2.9488 2.95
2 2 2717464 50.3040 100.00
time: 440000
0 1 2876760 100.6080 100.00
1 1 156600 2.8800 5.76
2 1 158030 2.8800 2.88
2 2 2748904 50.3040 100.00
time: 445000
0 1 2905056 45.2736 45.27
1 1 158400 2.8800 5.76
2 1 159873 2.9488 2.95
2 2 2780344 50.3040 100.00
time: 450000
0 1 2905056 0.0000 0.00
1 1 160200 2.8800 5.76
2 1 161716 2.9488 2.95
2 2 2811784 50.3040 100.00
time: 455000
0 1 2959552 87.1936 87.19
1 1 162000 2.8800 5.76
2 1 163516 2.8800 2.88
2 2 2843224 50.3040 100.00
time: 460000
0 1 3010904 82.1632 82.16
1 1 163740 2.7840 5.57
2 1 165359 2.9488 2.95
2 2 2874664 50.3040 100.00
time: 465000
0 1 3010904 0.0000 0.00
1 1 165540 2.8800 5.76
2 1 167099 2.7840 2.78
2 2 2905056 48.6272 97.25
time: 470000
0 1 3041296 48.6272 48.63
1 1 167340 2.8800 5.76
2 1 168942 2.9488 2.95
2 2 2936496 50.3040 100.00
time: 475000
0 1 3105224 102.2848 100.00
1 1 169140 2.8800 5.76
2 1 170785 2.9488 2.95
2 2 2967936 50.3040 100.00
time: 480000
0 1 3116752 18.4448 18.44
1 1 170940 2.8800 5.76
2 1 172585 2.8800 2.88
2 2 2999376 50.3040 100.00
time: 485000
0 1 3124088 11.7376 11.74
1 1 172740 2.8800 5.76
2 1 174428 2.9488 2.95
2 2 3030816 50.3040 100.00
time: 490000
0 1 3144000 31.8592 31.86
1 1 174540 2.8800 5.76
2 1 176228 2.8800 2.88
2 2 3062256 50.3040 100.00
time: 495000
0 1 3144000 0.0000 0.00
1 1 176340 2.8800 5.76
2 1 178028 2.8800 2.88
2 2 3093696 50.3040 100.00
time: 500000
0 1 3144000 0.0000 0.00
1 1 178140 2.8800 5.76
2 1 179828 2.8800 2.88
2 2 3125136 50.3040 100.00
time: 505000
0 1 3144000 0.0000 0.00
1 1 179940 2.8800 5.76
2 1 181628 2.8800 2.88
2 2 3144000 30.1824 60.36
