20437 0 0 1 1
28969 0 0 1 0
37288 0 0 1 1
45836 0 0 1 0
54155 0 0 1 1
62703 0 0 1 0
71022 0 0 1 1
79570 0 0 1 0
87889 0 0 1 1
96437 0 0 1 0
104756 0 0 1 1
113304 0 0 1 0
121623 0 0 1 1
130171 0 0 1 0
138490 0 0 1 1
147038 0 0 1 0
155357 0 0 1 1
163905 0 0 1 0
172224 0 0 1 1
180772 0 0 1 0
189091 0 0 1 1
197639 0 0 1 0
205958 0 0 1 1
214506 0 0 1 0
222825 0 0 1 1
231373 0 0 1 0
239692 0 0 1 1
248240 0 0 1 0
256559 0 0 1 1
265107 0 0 1 0
273426 0 0 1 1
281974 0 0 1 0
290293 0 0 1 1
298841 0 0 1 0
307160 0 0 1 1
315708 0 0 1 0
324027 0 0 1 1
332575 0 0 1 0
340894 0 0 1 1
349442 0 0 1 0
357761 0 0 1 1
366309 0 0 1 0
374628 0 0 1 1
383176 0 0 1 0
391495 0 0 1 1
400043 0 0 1 0
408362 0 0 1 1
416910 0 0 1 0
425229 0 0 1 1
433777 0 0 1 0
442096 0 0 1 1
450644 0 0 1 0
458963 0 0 1 1
467511 0 0 1 0
475830 0 0 1 1
484378 0 0 1 0
