time: 0
2 1 1
2 2 1
time: 10000
2 1 101
2 2 22 2 1 2 2 1 2 2 1 2 2 1 2 2 1 2 2 1 2 2 1 0 2 2 1 2 2 0 3 2 0 3 2 0 3 2 0 3 2 0 3 2 0 0 3 2 0 3 2 0 2
time: 20000
2 1 201
2 2 22 2 1 2 2 1 2 2 1 2 2 1 2 2 1 2 2 1 2 2 1 0 2 2 1 2 2 0 3 2 0 3 2 0 3 2 0 3 2 0 3 2 0 0 3 2 0 3 2 0 3 1 1 3 1 1 2 2 1 2 2 1 2 2 1 0 2 2 1 2 2 1 2 2 1 2 2 1 2 1 2 2 1 2 2 1 2 0 2 1 2 2 1 2 2 1 2 2 1 2 2 1 2 2 0 3 2 0 3 0 2 0 3 2
time: 30000
2 1 301
2 2 22 2 1 2 2 1 2 2 1 2 2 1 2 2 1 2 2 1 2 2 1 0 2 2 1 2 2 0 3 2 0 3 2 0 3 2 0 3 2 0 3 2 0 0 3 2 0 3 2 0 3 1 1 3 1 1 2 2 1 2 2 1 2 2 1 0 2 2 1 2 2 1 2 2 1 2 2 1 2 1 2 2 2 3 4 3 3 0 4 3 3 4 3 3 4 3 3 4 3 4 3 3 4 3 2 5 3 2 5 0 3 2 5 3 2 5 3 2 5 3 2 5 3 2 5 3 2 5 3 1
time: 40000
2 1 401
2 2 22 2 1 2 2 1 2 2 1 2 2 1 2 2 1 2 2 1 2 2 1 0 2 2 1 2 2 0 3 2 0 3 2 0 3 2 0 3 2 0 3 2 0 0 3 2 0 3 2 0 3 1 1 3 1 1 2 2 1 2 2 1 2 2 1 0 2 2 1 2 2 1 2 2 1 2 3 4 5 5 5 4 6 5 4 6 5 0 4 6 5 4 6 5 4 6 5 4 6 6 3 6 6 3 5 6 4 5 6 0 4 5 6 4 5 6 4 5 6 4 5 6 4 5 6 5 6 8 6 3
time: 50000
2 1 501
2 2 22 2 1 2 2 1 2 2 1 2 2 1 2 2 1 2 2 1 2 2 1 0 2 2 1 2 2 0 3 2 0 3 2 0 3 2 0 3 2 0 3 2 0 0 3 2 0 3 2 0 3 1 1 3 1 1 2 2 1 2 2 1 2 2 1 0 2 2 1 2 2 1 2 2 1 2 4 7 8 9 7 8 10 7 8 10 7 0 8 10 7 6 8 7 5 8 7 5 8 8 5 7 8 5 6 8 6 6 8 0 6 6 8 6 6 8 6 6 8 6 6 8 6 6 8 6 6 8 6 3
time: 60000
2 1 601
2 2 22 2 1 2 2 1 2 2 1 2 2 1 2 2 1 2 2 1 2 2 1 0 2 2 1 2 2 0 3 2 0 3 2 0 3 2 0 3 2 0 3 2 0 0 3 2 0 3 2 0 3 1 1 3 1 1 2 2 1 2 2 1 2 2 1 0 2 2 1 2 2 1 2 2 1 2 4 7 8 9 7 8 10 7 8 10 7 0 8 10 7 8 10 7 8 10 7 8 10 8 8 9 8 8 8 8 11 9 10 0 11 9 10 11 9 10 11 9 10 11 9 10 11 9 10 11 9 10 11 4
time: 70000
2 1 701
2 2 22 2 1 2 2 1 2 2 1 2 2 1 2 2 1 2 2 1 2 2 1 0 2 2 1 2 2 0 3 2 0 3 2 0 3 2 0 3 2 0 3 2 0 0 3 2 0 3 2 0 3 1 1 3 1 1 2 2 1 2 2 1 2 2 1 0 2 2 1 2 2 1 2 2 1 2 4 11 12 11 11 12 11 12 12 11 12 0 12 11 12 12 11 12 12 11 12 12 11 13 12 11 12 12 10 12 12 10 13 0 12 9 10 11 9 10 11 9 10 11 9 10 11 9 10 11 9 10 11 4
time: 80000
2 1 801
2 2 22 2 1 2 2 1 2 2 1 2 2 1 2 2 1 2 2 1 2 2 1 0 2 2 1 2 2 0 3 2 0 3 2 0 3 2 0 3 2 0 3 2 0 0 3 2 0 3 2 0 3 1 1 3 1 1 2 2 1 2 2 1 2 2 1 0 2 2 1 2 2 1 2 2 1 2 4 11 12 11 11 12 11 12 12 11 13 0 14 13 13 14 13 13 14 13 13 14 13 14 14 13 14 13 12 14 13 12 15 0 13 12 15 13 12 15 13 12 15 13 12 15 13 12 15 13 12 15 13 6
time: 90000
2 1 901
2 2 22 2 1 2 2 1 2 2 1 2 2 1 2 2 1 2 2 1 2 2 1 0 2 2 1 2 2 0 3 2 0 3 2 0 3 2 0 3 2 0 3 2 0 0 3 2 0 3 2 0 3 1 1 3 1 1 2 2 1 2 2 1 2 2 1 0 2 2 1 2 2 1 2 2 1 2 5 14 15 15 14 14 16 15 14 16 15 0 14 16 15 14 16 15 14 16 15 14 16 16 14 16 16 13 15 16 13 15 16 0 14 15 16 14 15 16 14 15 16 14 15 16 14 15 16 14 15 16 14 8
time: 100000
2 1 1001
2 2 22 2 1 2 2 1 2 2 1 2 2 1 2 2 1 2 2 1 2 2 1 0 2 2 1 2 2 0 3 2 0 3 2 0 3 2 0 3 2 0 3 2 0 0 3 2 0 3 2 0 3 1 1 3 1 1 2 2 1 2 2 1 2 2 1 0 2 2 1 2 2 1 2 2 1 2 6 17 18 19 17 17 20 17 18 20 17 0 15 18 17 15 18 17 15 18 17 15 18 18 15 18 18 15 16 18 15 16 18 0 16 16 18 16 16 18 16 16 18 16 16 18 16 16 18 16 16 18 16 8
time: 110000
2 1 1101
2 2 22 2 1 2 2 1 2 2 1 2 2 1 2 2 1 2 2 1 2 2 1 0 2 2 1 2 2 0 3 2 0 3 2 0 3 2 0 3 2 0 3 2 0 0 3 2 0 3 2 0 3 1 1 3 1 1 2 2 1 2 2 1 2 2 1 0 2 2 1 2 2 1 2 2 1 2 6 17 18 19 17 17 20 17 18 20 17 0 18 20 17 18 20 17 18 20 17 18 20 18 18 20 18 18 18 18 18 17 19 0 20 19 20 21 19 20 21 19 20 21 19 20 21 19 20 21 19 20 21 9
time: 120000
2 1 1201
2 2 22 2 1 2 2 1 2 2 1 2 2 1 2 2 1 2 2 1 2 2 1 0 2 2 1 2 2 0 3 2 0 3 2 0 3 2 0 3 2 0 3 2 0 0 3 2 0 3 2 0 3 1 1 3 1 1 2 2 1 2 2 1 2 2 1 0 2 2 1 2 2 1 2 2 1 2 6 21 22 21 21 21 21 22 22 21 22 0 22 21 22 22 21 22 22 21 22 22 21 23 22 21 23 22 20 22 20 19 20 0 21 19 20 21 19 20 21 19 20 21 19 20 21 19 20 21 19 20 21 9
time: 130000
2 1 1301
2 2 22 2 1 2 2 1 2 2 1 2 2 1 2 2 1 2 2 1 2 2 1 0 2 2 1 2 2 0 3 2 0 3 2 0 3 2 0 3 2 0 3 2 0 0 3 2 0 3 2 0 3 1 1 3 1 1 2 2 1 2 2 1 2 2 1 0 2 2 1 2 2 1 2 2 1 2 6 21 22 21 21 21 21 22 22 21 22 0 22 21 22 24 23 23 24 23 23 24 23 24 24 23 24 24 22 24 23 21 25 0 23 22 25 23 22 25 23 22 25 23 22 25 23 22 25 23 22 25 23 11
time: 140000
2 1 1401
2 2 22 2 1 2 2 1 2 2 1 2 2 1 2 2 1 2 2 1 2 2 1 0 2 2 1 2 2 0 3 2 0 3 2 0 3 2 0 3 2 0 3 2 0 0 3 2 0 3 2 0 3 1 1 3 1 1 2 2 1 2 2 1 2 2 1 0 2 2 1 2 2 1 2 2 1 2 7 24 25 25 24 24 25 25 24 26 25 0 24 26 25 24 26 25 24 26 25 24 26 26 24 26 26 24 25 26 23 24 26 0 24 25 26 24 25 26 24 25 26 24 25 26 24 25 26 24 23 25 23 11
time: 150000
2 1 1501
2 2 22 2 1 2 2 1 2 2 1 2 2 1 2 2 1 2 2 1 2 2 1 0 2 2 1 2 2 0 3 2 0 3 2 0 3 2 0 3 2 0 3 2 0 0 3 2 0 3 2 0 3 1 1 3 1 1 2 2 1 2 2 1 2 2 1 0 2 2 1 2 2 1 2 2 1 2 8 27 28 29 27 27 28 27 25 28 27 0 25 28 27 25 28 27 25 28 27 25 28 28 25 28 28 25 27 28 25 25 28 0 26 26 28 26 26 28 26 26 28 26 26 28 26 26 28 26 26 28 26 13
time: 160000
2 1 1601
2 2 22 2 1 2 2 1 2 2 1 2 2 1 2 2 1 2 2 1 2 2 1 0 2 2 1 2 2 0 3 2 0 3 2 0 3 2 0 3 2 0 3 2 0 0 3 2 0 3 2 0 3 1 1 3 1 1 2 2 1 2 2 1 2 2 1 0 2 2 1 2 2 1 2 2 1 2 8 27 28 29 27 27 29 27 28 30 27 0 28 30 27 28 30 27 28 30 27 28 30 28 28 30 28 28 29 28 28 27 28 0 29 27 29 29 29 30 31 29 30 31 29 30 31 29 30 31 29 30 31 14
time: 170000
2 1 1701
2 2 22 2 1 2 2 1 2 2 1 2 2 1 2 2 1 2 2 1 2 2 1 0 2 2 1 2 2 0 3 2 0 3 2 0 3 2 0 3 2 0 3 2 0 0 3 2 0 3 2 0 3 1 1 3 1 1 2 2 1 2 2 1 2 2 1 0 2 2 1 2 2 1 2 2 1 2 8 31 32 31 31 31 31 31 32 31 32 0 32 31 32 32 31 32 32 31 32 32 31 33 32 31 32 30 30 30 30 29 29 0 31 29 30 31 29 30 31 29 30 31 29 30 31 29 30 31 29 30 31 14
time: 180000
2 1 1801
2 2 22 2 1 2 2 1 2 2 1 2 2 1 2 2 1 2 2 1 2 2 1 0 2 2 1 2 2 0 3 2 0 3 2 0 3 2 0 3 2 0 3 2 0 0 3 2 0 3 2 0 3 1 1 3 1 1 2 2 1 2 2 1 2 2 1 0 2 2 1 2 2 1 2 2 1 2 8 31 32 31 31 31 31 31 32 31 32 0 32 31 32 32 31 32 33 33 33 34 33 34 34 33 34 34 32 34 34 31 34 0 33 32 35 33 32 35 33 32 35 33 32 35 33 32 35 33 32 35 33 16
time: 190000
2 1 1901
2 2 22 2 1 2 2 1 2 2 1 2 2 1 2 2 1 2 2 1 2 2 1 0 2 2 1 2 2 0 3 2 0 3 2 0 3 2 0 3 2 0 3 2 0 0 3 2 0 3 2 0 3 1 1 3 1 1 2 2 1 2 2 1 2 2 1 0 2 2 1 2 2 1 2 2 1 2 9 34 35 35 34 34 35 34 34 36 35 0 34 36 35 34 36 35 34 36 35 34 36 36 34 36 36 34 35 36 34 34 36 0 33 35 36 34 35 36 34 35 36 34 35 36 34 32 35 33 32 35 33 16
time: 200000
2 1 2001
2 2 22 2 1 2 2 1 2 2 1 2 2 1 2 2 1 2 2 1 2 2 1 0 2 2 1 2 2 0 3 2 0 3 2 0 3 2 0 3 2 0 3 2 0 0 3 2 0 3 2 0 3 1 1 3 1 1 2 2 1 2 2 1 2 2 1 0 2 2 1 2 2 1 2 2 1 2 10 37 38 37 36 35 37 36 35 38 37 0 35 38 37 35 38 37 35 38 37 35 38 38 35 38 38 35 37 38 35 36 38 0 35 36 38 36 36 38 36 36 38 36 36 38 36 36 38 36 36 38 36 18
time: 210000
2 1 2101
2 2 22 2 1 2 2 1 2 2 1 2 2 1 2 2 1 2 2 1 2 2 1 0 2 2 1 2 2 0 3 2 0 3 2 0 3 2 0 3 2 0 3 2 0 0 3 2 0 3 2 0 3 1 1 3 1 1 2 2 1 2 2 1 2 2 1 0 2 2 1 2 2 1 2 2 1 2 10 37 38 39 37 37 39 37 37 40 37 0 38 40 37 38 40 37 38 40 37 38 40 38 38 40 38 38 39 38 38 38 38 0 38 37 39 39 37 39 39 38 40 41 39 40 41 39 40 41 39 40 41 19
time: 220000
2 1 2201
2 2 22 2 1 2 2 1 2 2 1 2 2 1 2 2 1 2 2 1 2 2 1 0 2 2 1 2 2 0 3 2 0 3 2 0 3 2 0 3 2 0 3 2 0 0 3 2 0 3 2 0 3 1 1 3 1 1 2 2 1 2 2 1 2 2 1 0 2 2 1 2 2 1 2 2 1 2 10 41 42 41 41 41 41 41 41 41 42 0 42 41 42 42 41 42 42 41 42 42 41 41 40 41 40 40 40 40 40 39 40 0 40 39 40 41 39 40 41 39 40 41 39 40 41 39 40 41 39 40 41 19
time: 230000
2 1 2301
2 2 22 2 1 2 2 1 2 2 1 2 2 1 2 2 1 2 2 1 2 2 1 0 2 2 1 2 2 0 3 2 0 3 2 0 3 2 0 3 2 0 3 2 0 0 3 2 0 3 2 0 3 1 1 3 1 1 2 2 1 2 2 1 2 2 1 0 2 2 1 2 2 1 2 2 1 2 10 41 42 41 41 41 41 41 41 41 42 0 42 41 42 42 41 42 42 41 42 42 43 44 44 43 44 44 42 44 44 41 44 0 44 41 45 43 42 45 43 42 45 43 42 45 43 42 45 43 42 45 43 21
time: 240000
2 1 2401
2 2 22 2 1 2 2 1 2 2 1 2 2 1 2 2 1 2 2 1 2 2 1 0 2 2 1 2 2 0 3 2 0 3 2 0 3 2 0 3 2 0 3 2 0 0 3 2 0 3 2 0 3 1 1 3 1 1 2 2 1 2 2 1 2 2 1 0 2 2 1 2 2 1 2 2 1 2 11 44 45 45 44 44 45 44 44 45 45 0 44 46 45 44 46 45 44 46 45 44 46 46 44 46 46 44 45 46 44 44 46 0 44 44 46 44 45 46 44 45 46 43 42 45 43 42 45 43 42 45 43 21
time: 250000
2 1 2501
2 2 22 2 1 2 2 1 2 2 1 2 2 1 2 2 1 2 2 1 2 2 1 0 2 2 1 2 2 0 3 2 0 3 2 0 3 2 0 3 2 0 3 2 0 0 3 2 0 3 2 0 3 1 1 3 1 1 2 2 1 2 2 1 2 2 1 0 2 2 1 2 2 1 2 2 1 2 11 44 46 47 46 45 47 46 45 47 47 0 45 48 47 45 48 47 45 48 47 45 48 48 45 48 48 45 47 48 45 46 48 0 45 46 48 46 46 48 46 46 48 46 46 48 46 46 48 46 46 48 46 23
time: 260000
2 1 2601
2 2 22 2 1 2 2 1 2 2 1 2 2 1 2 2 1 2 2 1 2 2 1 0 2 2 1 2 2 0 3 2 0 3 2 0 3 2 0 3 2 0 3 2 0 0 3 2 0 3 2 0 3 1 1 3 1 1 2 2 1 2 2 1 2 2 1 0 2 2 1 2 2 1 2 2 1 2 12 47 48 49 47 47 49 47 47 49 47 0 48 50 47 48 50 47 48 50 47 48 50 48 48 50 48 48 49 48 48 48 48 0 48 48 48 49 47 49 49 47 49 49 47 50 51 49 50 51 49 50 51 24
time: 270000
2 1 2701
2 2 22 2 1 2 2 1 2 2 1 2 2 1 2 2 1 2 2 1 2 2 1 0 2 2 1 2 2 0 3 2 0 3 2 0 3 2 0 3 2 0 3 2 0 0 3 2 0 3 2 0 3 1 1 3 1 1 2 2 1 2 2 1 2 2 1 0 2 2 1 2 2 1 2 2 1 2 12 51 52 51 51 51 51 51 51 51 51 0 52 51 52 52 51 52 52 51 49 50 51 50 50 51 50 50 50 50 50 49 50 0 50 49 50 51 49 50 51 49 50 51 49 50 51 49 50 51 49 50 51 24
time: 280000
2 1 2801
2 2 22 2 1 2 2 1 2 2 1 2 2 1 2 2 1 2 2 1 2 2 1 0 2 2 1 2 2 0 3 2 0 3 2 0 3 2 0 3 2 0 3 2 0 0 3 2 0 3 2 0 3 1 1 3 1 1 2 2 1 2 2 1 2 2 1 0 2 2 1 2 2 1 2 2 1 2 12 51 52 51 51 51 51 51 51 51 51 0 52 51 52 52 51 52 52 51 52 52 51 53 52 52 54 54 52 54 54 51 54 0 54 51 54 54 52 55 53 52 55 53 52 55 53 52 55 53 52 55 53 26
time: 290000
2 1 2901
2 2 22 2 1 2 2 1 2 2 1 2 2 1 2 2 1 2 2 1 2 2 1 0 2 2 1 2 2 0 3 2 0 3 2 0 3 2 0 3 2 0 3 2 0 0 3 2 0 3 2 0 3 1 1 3 1 1 2 2 1 2 2 1 2 2 1 0 2 2 1 2 2 1 2 2 1 2 13 54 55 55 54 54 55 54 54 55 54 0 54 56 55 54 56 55 54 56 55 54 56 56 54 56 56 54 55 56 54 54 56 0 54 54 56 54 55 55 53 52 55 53 52 55 53 52 55 53 52 55 53 26
time: 300000
2 1 3001
2 2 22 2 1 2 2 1 2 2 1 2 2 1 2 2 1 2 2 1 2 2 1 0 2 2 1 2 2 0 3 2 0 3 2 0 3 2 0 3 2 0 3 2 0 0 3 2 0 3 2 0 3 1 1 3 1 1 2 2 1 2 2 1 2 2 1 0 2 2 1 2 2 1 2 2 1 2 13 54 55 55 54 54 57 56 55 57 56 0 55 58 57 55 58 57 55 58 57 55 58 58 55 58 58 55 57 58 55 56 58 0 55 56 58 55 57 58 56 56 58 56 56 58 56 56 58 56 56 58 56 28
time: 310000
2 1 3101
2 2 22 2 1 2 2 1 2 2 1 2 2 1 2 2 1 2 2 1 2 2 1 0 2 2 1 2 2 0 3 2 0 3 2 0 3 2 0 3 2 0 3 2 0 0 3 2 0 3 2 0 3 1 1 3 1 1 2 2 1 2 2 1 2 2 1 0 2 2 1 2 2 1 2 2 1 2 14 57 58 59 57 57 59 57 57 59 57 0 57 60 57 58 60 57 58 60 57 58 60 58 58 60 58 58 59 58 58 58 58 0 58 58 58 58 58 59 59 57 59 59 57 59 59 57 59 61 59 60 61 29
time: 320000
2 1 3201
2 2 22 2 1 2 2 1 2 2 1 2 2 1 2 2 1 2 2 1 2 2 1 0 2 2 1 2 2 0 3 2 0 3 2 0 3 2 0 3 2 0 3 2 0 0 3 2 0 3 2 0 3 1 1 3 1 1 2 2 1 2 2 1 2 2 1 0 2 2 1 2 2 1 2 2 1 2 14 61 62 61 61 61 61 61 61 61 61 0 61 61 62 61 61 59 60 61 59 60 61 60 60 61 60 60 60 60 60 59 60 0 60 59 60 60 59 61 61 59 60 61 59 60 61 59 60 61 59 60 61 29
time: 330000
2 1 3301
2 2 22 2 1 2 2 1 2 2 1 2 2 1 2 2 1 2 2 1 2 2 1 0 2 2 1 2 2 0 3 2 0 3 2 0 3 2 0 3 2 0 3 2 0 0 3 2 0 3 2 0 3 1 1 3 1 1 2 2 1 2 2 1 2 2 1 0 2 2 1 2 2 1 2 2 1 2 14 61 62 61 61 61 61 61 61 61 61 0 61 61 62 62 61 62 62 61 62 62 61 63 62 61 63 62 60 64 64 61 64 0 64 61 64 64 61 65 64 62 65 63 62 65 63 62 65 63 62 65 63 31
time: 340000
2 1 3401
2 2 22 2 1 2 2 1 2 2 1 2 2 1 2 2 1 2 2 1 2 2 1 0 2 2 1 2 2 0 3 2 0 3 2 0 3 2 0 3 2 0 3 2 0 0 3 2 0 3 2 0 3 1 1 3 1 1 2 2 1 2 2 1 2 2 1 0 2 2 1 2 2 1 2 2 1 2 15 64 65 65 64 64 65 64 64 65 64 0 64 65 65 64 66 65 64 66 65 64 66 66 64 66 66 64 65 66 64 64 66 0 64 63 64 64 61 65 64 62 65 63 62 65 63 62 65 63 62 65 63 31
time: 350000
2 1 3501
2 2 22 2 1 2 2 1 2 2 1 2 2 1 2 2 1 2 2 1 2 2 1 0 2 2 1 2 2 0 3 2 0 3 2 0 3 2 0 3 2 0 3 2 0 0 3 2 0 3 2 0 3 1 1 3 1 1 2 2 1 2 2 1 2 2 1 0 2 2 1 2 2 1 2 2 1 2 15 64 65 65 64 64 65 64 64 66 66 0 65 67 67 65 68 67 65 68 67 65 68 68 65 68 68 65 67 68 65 66 68 0 65 66 68 65 66 68 66 67 68 66 66 68 66 66 68 66 66 68 66 33
time: 360000
2 1 3601
2 2 22 2 1 2 2 1 2 2 1 2 2 1 2 2 1 2 2 1 2 2 1 0 2 2 1 2 2 0 3 2 0 3 2 0 3 2 0 3 2 0 3 2 0 0 3 2 0 3 2 0 3 1 1 3 1 1 2 2 1 2 2 1 2 2 1 0 2 2 1 2 2 1 2 2 1 2 16 67 68 69 67 67 69 67 67 69 67 0 67 69 67 68 70 67 68 70 67 68 70 68 68 70 68 68 69 68 68 68 68 0 68 68 68 68 68 68 69 68 69 69 67 69 69 67 69 69 67 69 70 34
time: 370000
2 1 3701
2 2 22 2 1 2 2 1 2 2 1 2 2 1 2 2 1 2 2 1 2 2 1 0 2 2 1 2 2 0 3 2 0 3 2 0 3 2 0 3 2 0 3 2 0 0 3 2 0 3 2 0 3 1 1 3 1 1 2 2 1 2 2 1 2 2 1 0 2 2 1 2 2 1 2 2 1 2 16 71 72 71 71 71 71 71 71 71 71 0 69 70 69 70 71 69 70 71 69 70 71 70 70 71 70 70 70 70 70 69 70 0 70 69 70 70 69 70 71 69 71 71 69 70 71 69 70 71 69 70 71 34
time: 380000
2 1 3801
2 2 22 2 1 2 2 1 2 2 1 2 2 1 2 2 1 2 2 1 2 2 1 0 2 2 1 2 2 0 3 2 0 3 2 0 3 2 0 3 2 0 3 2 0 0 3 2 0 3 2 0 3 1 1 3 1 1 2 2 1 2 2 1 2 2 1 0 2 2 1 2 2 1 2 2 1 2 16 71 72 71 71 71 71 71 71 71 71 0 71 71 71 72 71 72 72 71 72 72 71 73 72 71 73 72 70 73 72 69 73 0 74 71 74 74 71 74 74 72 75 74 72 75 73 72 75 73 72 75 73 36
time: 390000
2 1 3901
2 2 22 2 1 2 2 1 2 2 1 2 2 1 2 2 1 2 2 1 2 2 1 0 2 2 1 2 2 0 3 2 0 3 2 0 3 2 0 3 2 0 3 2 0 0 3 2 0 3 2 0 3 1 1 3 1 1 2 2 1 2 2 1 2 2 1 0 2 2 1 2 2 1 2 2 1 2 17 74 75 75 74 74 75 74 74 75 74 0 74 75 74 74 76 75 74 76 75 74 76 76 74 76 76 74 75 76 74 72 74 0 74 71 74 74 71 74 74 72 75 74 72 75 73 72 75 73 72 75 73 36
time: 400000
2 1 4001
2 2 22 2 1 2 2 1 2 2 1 2 2 1 2 2 1 2 2 1 2 2 1 0 2 2 1 2 2 0 3 2 0 3 2 0 3 2 0 3 2 0 3 2 0 0 3 2 0 3 2 0 3 1 1 3 1 1 2 2 1 2 2 1 2 2 1 0 2 2 1 2 2 1 2 2 1 2 17 74 75 75 74 74 75 74 74 75 74 0 74 75 76 75 78 77 75 78 77 75 78 78 75 78 78 75 77 78 75 76 78 0 75 76 78 75 76 78 75 77 78 76 77 78 76 76 78 76 76 78 76 38
time: 410000
2 1 4101
2 2 22 2 1 2 2 1 2 2 1 2 2 1 2 2 1 2 2 1 2 2 1 0 2 2 1 2 2 0 3 2 0 3 2 0 3 2 0 3 2 0 3 2 0 0 3 2 0 3 2 0 3 1 1 3 1 1 2 2 1 2 2 1 2 2 1 0 2 2 1 2 2 1 2 2 1 2 18 77 78 79 77 77 79 77 77 79 77 0 77 79 77 77 80 77 78 80 77 78 80 78 78 80 78 78 79 78 78 78 78 0 78 78 78 78 78 78 78 78 79 79 78 79 79 77 79 79 77 78 76 38
time: 420000
2 1 4201
2 2 22 2 1 2 2 1 2 2 1 2 2 1 2 2 1 2 2 1 2 2 1 0 2 2 1 2 2 0 3 2 0 3 2 0 3 2 0 3 2 0 3 2 0 0 3 2 0 3 2 0 3 1 1 3 1 1 2 2 1 2 2 1 2 2 1 0 2 2 1 2 2 1 2 2 1 2 18 81 82 81 81 81 81 80 79 80 79 0 79 80 79 79 81 79 80 81 79 80 81 80 80 81 80 80 80 80 80 79 80 0 80 79 80 80 79 80 80 79 81 81 79 81 81 79 80 81 79 80 81 39
time: 430000
2 1 4301
2 2 22 2 1 2 2 1 2 2 1 2 2 1 2 2 1 2 2 1 2 2 1 0 2 2 1 2 2 0 3 2 0 3 2 0 3 2 0 3 2 0 3 2 0 0 3 2 0 3 2 0 3 1 1 3 1 1 2 2 1 2 2 1 2 2 1 0 2 2 1 2 2 1 2 2 1 2 18 81 82 81 81 81 81 81 81 81 81 0 81 81 81 81 81 82 82 81 82 82 81 83 82 81 83 82 80 83 82 79 83 0 82 79 83 83 81 84 84 81 85 84 82 85 84 82 85 83 82 85 83 41
time: 440000
2 1 4401
2 2 22 2 1 2 2 1 2 2 1 2 2 1 2 2 1 2 2 1 2 2 1 0 2 2 1 2 2 0 3 2 0 3 2 0 3 2 0 3 2 0 3 2 0 0 3 2 0 3 2 0 3 1 1 3 1 1 2 2 1 2 2 1 2 2 1 0 2 2 1 2 2 1 2 2 1 2 19 84 85 85 84 84 85 84 84 85 84 0 84 85 84 84 85 85 84 86 85 84 86 86 84 86 86 84 82 84 84 81 84 0 84 81 84 84 81 84 84 81 85 84 82 85 84 82 85 83 82 85 83 41
time: 450000
2 1 4501
2 2 22 2 1 2 2 1 2 2 1 2 2 1 2 2 1 2 2 1 2 2 1 0 2 2 1 2 2 0 3 2 0 3 2 0 3 2 0 3 2 0 3 2 0 0 3 2 0 3 2 0 3 1 1 3 1 1 2 2 1 2 2 1 2 2 1 0 2 2 1 2 2 1 2 2 1 2 19 84 85 85 84 84 85 84 84 85 84 0 84 85 84 84 85 86 85 88 87 85 88 88 85 88 88 85 87 88 85 86 88 0 85 86 88 85 86 88 85 86 88 86 87 88 86 87 88 86 86 88 86 43
time: 460000
2 1 4601
2 2 22 2 1 2 2 1 2 2 1 2 2 1 2 2 1 2 2 1 2 2 1 0 2 2 1 2 2 0 3 2 0 3 2 0 3 2 0 3 2 0 3 2 0 0 3 2 0 3 2 0 3 1 1 3 1 1 2 2 1 2 2 1 2 2 1 0 2 2 1 2 2 1 2 2 1 2 20 87 88 89 87 87 89 87 87 89 87 0 87 89 87 87 89 87 88 90 87 88 90 88 88 90 88 88 89 88 88 88 88 0 88 88 88 88 88 88 88 88 88 89 88 89 89 87 88 86 86 88 86 43
time: 470000
2 1 4701
2 2 22 2 1 2 2 1 2 2 1 2 2 1 2 2 1 2 2 1 2 2 1 0 2 2 1 2 2 0 3 2 0 3 2 0 3 2 0 3 2 0 3 2 0 0 3 2 0 3 2 0 3 1 1 3 1 1 2 2 1 2 2 1 2 2 1 0 2 2 1 2 2 1 2 2 1 2 20 91 92 91 89 89 90 89 89 90 89 0 89 90 89 89 90 89 90 91 89 90 91 90 90 91 90 90 90 90 90 89 90 0 90 89 90 90 89 90 90 89 90 91 89 91 91 89 91 91 89 90 91 44
time: 480000
2 1 4801
2 2 22 2 1 2 2 1 2 2 1 2 2 1 2 2 1 2 2 1 2 2 1 0 2 2 1 2 2 0 3 2 0 3 2 0 3 2 0 3 2 0 3 2 0 0 3 2 0 3 2 0 3 1 1 3 1 1 2 2 1 2 2 1 2 2 1 0 2 2 1 2 2 1 2 2 1 2 20 91 92 91 91 91 91 91 91 91 91 0 91 91 91 91 91 91 92 91 92 92 91 93 92 91 93 92 90 93 92 89 93 0 92 89 93 92 89 93 92 91 94 94 92 95 94 92 95 94 92 95 93 46
time: 490000
2 1 4901
2 2 22 2 1 2 2 1 2 2 1 2 2 1 2 2 1 2 2 1 2 2 1 0 2 2 1 2 2 0 3 2 0 3 2 0 3 2 0 3 2 0 3 2 0 0 3 2 0 3 2 0 3 1 1 3 1 1 2 2 1 2 2 1 2 2 1 0 2 2 1 2 2 1 2 2 1 2 21 94 95 95 94 96 96 96 96 96 96 0 96 96 95 93 93 92 94 93 93 94 93 94 94 93 94 94 92 94 94 91 94 0 94 91 94 94 91 94 94 91 94 94 92 95 94 92 95 94 92 95 93 46
time: 500000
2 1 5001
2 2 22 2 1 2 2 1 2 2 1 2 2 1 2 2 1 2 2 1 3 4 3 0 3 4 3 3 4 2 4 4 2 4 4 2 4 4 2 4 4 2 4 4 2 0 4 4 2 4 4 2 5 2 3 5 2 3 4 3 3 4 3 3 4 3 3 0 4 3 3 4 3 3 4 3 3 4 22 96 97 96 96 96 96 96 96 96 96 0 96 96 95 93 93 92 94 93 93 94 93 94 94 93 94 94 92 94 94 91 94 0 94 91 94 94 91 94 94 91 94 94 92 95 94 92 95 94 92 95 93 46
