0b001001 0b000701 10003 100 204800 1000000 3946616 55328
0b000a01 0b000701 10009 100 204800 1000000 4024533 55328
0b000801 0b000701 10009 100 204800 1000000 5514663 55328
0b001301 0b000701 10002 100 204800 1000000 5552243 55328
0b000801 0b000701 10003 100 204800 1000000 5576238 55328
0b001301 0b000701 10007 100 204800 1000000 5653110 55328
0b000c01 0b000701 10006 100 204800 1000000 5673552 55328
0b000e01 0b000701 10008 100 204800 1000000 5675602 55328
0b001301 0b000701 10000 100 204800 1000000 5680369 55328
0b001001 0b000701 10004 100 204800 1000000 5706872 55328
0b001001 0b000701 10007 100 204800 1000000 5707459 55328
0b000c01 0b000701 10002 100 204800 1000000 5718287 55328
0b001201 0b000701 10000 100 204800 1000000 5722427 55328
0b001201 0b000701 10002 100 204800 1000000 5722805 55328
0b001201 0b000701 10008 100 204800 1000000 5723183 55328
0b001001 0b000701 10009 100 204800 1000000 5743416 55328
0b001001 0b000701 10010 100 204800 1000000 5767202 55328
0b000e01 0b000701 10006 100 204800 1000000 5777403 55328
0b000101 0b000701 10001 100 204800 1000000 5822677 67728
0b000a01 0b000701 10000 100 204800 1000000 5835843 55328
0b000b01 0b000701 10008 100 204800 1000000 5837057 55328
0b001001 0b000701 10006 100 204800 1000000 5837853 55328
0b001201 0b000701 10009 100 204800 1000000 5838858 55328
0b000101 0b000701 10022 100 204800 1000000 5850483 67728
0b000101 0b000701 10008 100 204800 1000000 5855041 67728
0b000101 0b000701 10009 100 204800 1000000 5858554 67728
0b000b01 0b000701 10004 100 204800 1000000 5858722 55328
0b000101 0b000701 10020 100 204800 1000000 5861022 67728
0b000101 0b000701 10000 100 204800 1000000 5865749 67728
0b000101 0b000701 10021 100 204800 1000000 5866127 67728
0b000101 0b000701 10011 100 204800 1000000 5870685 67728
0b000101 0b000701 10016 100 204800 1000000 5873780 67728
0b000101 0b000701 10006 100 204800 1000000 5875203 67728
0b000101 0b000701 10018 100 204800 1000000 5876417 67728
0b000101 0b000701 10014 100 204800 1000000 5877004 67728
0b000901 0b000701 10007 100 204800 1000000 5882108 55328
0b000101 0b000701 10013 100 204800 1000000 5883025 67728
0b000101 0b000701 10003 100 204800 1000000 5885702 67728
0b000101 0b000701 10015 100 204800 1000000 5886916 67728
0b000101 0b000701 10012 100 204800 1000000 5888926 67728
0b000101 0b000701 10023 100 204800 1000000 5890349 67728
0b000101 0b000701 10024 100 204800 1000000 5890936 67728
0b000101 0b000701 10002 100 204800 1000000 5891732 67728
0b001101 0b000701 10001 100 204800 1000000 5894328 55328
0b000101 0b000701 10026 100 204800 1000000 5895036 67728
0b000101 0b000701 10017 100 204800 1000000 5895414 67728
0b000101 0b000701 10019 100 204800 1000000 5897464 67728
0b000b01 0b000701 10003 100 204800 1000000 5899682 55328
0b000101 0b000701 10005 100 204800 1000000 5901773 67728
0b000f01 0b000701 10001 100 204800 1000000 5914859 55328
0b000101 0b000701 10033 100 204800 1000000 5917368 67728
0b000101 0b000701 10035 100 204800 1000000 5927955 67728
0b000101 0b000701 10007 100 204800 1000000 5932087 67728
0b000101 0b000701 10040 100 204800 1000000 5936307 67728
0b000101 0b000701 10038 100 204800 1000000 5941676 67728
0b000d01 0b000701 10005 100 204800 1000000 5944157 55328
0b000901 0b000701 10001 100 204800 1000000 5944744 55328
0b000101 0b000701 10036 100 204800 1000000 5951562 67728
0b000101 0b000701 10032 100 204800 1000000 5952827 67728
0b000101 0b000701 10025 100 204800 1000000 5953425 67728
0b000101 0b000701 10010 100 204800 1000000 5984667 67728
0b000101 0b000701 10027 100 204800 1000000 6009386 67728
0b000101 0b000701 10028 100 204800 1000000 6013563 67728
0b000101 0b000701 10041 100 204800 1000000 6019788 67728
0b000101 0b000701 10031 100 204800 1000000 6024064 67728
0b000101 0b000701 10034 100 204800 1000000 6031823 67728
0b001101 0b000701 10008 100 204800 1000000 6041138 55328
0b000101 0b000701 10004 100 204800 1000000 6044166 67728
0b000101 0b000701 10029 100 204800 1000000 6090338 67728
0b000f01 0b000701 10003 100 204800 1000000 6118407 55328
0b000101 0b000701 10030 100 204800 1000000 6161864 67728
0b000101 0b000701 10039 100 204800 1000000 6172886 67728
0b000101 0b000701 10037 100 204800 1000000 6221988 67728
0b000e01 0b000701 10004 100 204800 1000000 6763851 55328
0b000e01 0b000701 10001 100 204800 1000000 6781785 55328
0b000c01 0b000701 10003 100 204800 1000000 6877885 55328
0b000d01 0b000701 10009 100 204800 1000000 8321408 55328
0b000a01 0b000701 10006 100 204800 1000000 8325130 55328
0b000c01 0b000701 10004 100 204800 1000000 8338466 55328
0b001301 0b000701 10009 100 204800 1000000 8342606 55328
0b001001 0b000701 10005 100 204800 1000000 8352807 55328
0b001001 0b000701 10001 100 204800 1000000 8353394 55328
0b000a01 0b000701 10007 100 204800 1000000 8365685 55328
0b001401 0b000701 10005 100 204800 1000000 8401384 55328
0b001401 0b000701 10006 100 204800 1000000 8413884 55328
0b000a01 0b000701 10008 100 204800 1000000 8420114 55328
0b000a01 0b000701 10002 100 204800 1000000 8421746 55328
0b000a01 0b000701 10003 100 204800 1000000 8421915 55328
0b001501 0b000701 10006 100 204800 1000000 8431698 55328
0b001501 0b000701 10007 100 204800 1000000 8433330 55328
0b000b01 0b000701 10006 100 204800 1000000 8440605 55328
0b000801 0b000701 10005 100 204800 1000000 8442446 55328
0b001401 0b000701 10008 100 204800 1000000 8443660 55328
0b001401 0b000701 10001 100 204800 1000000 8456578 55328
0b001401 0b000701 10003 100 204800 1000000 8457792 55328
0b000f01 0b000701 10007 100 204800 1000000 8479488 55328
0b001501 0b000701 10000 100 204800 1000000 8481329 55328
0b000901 0b000701 10008 100 204800 1000000 8489022 55328
0b000901 0b000701 10009 100 204800 1000000 8493580 55328
0b000901 0b000701 10003 100 204800 1000000 8495421 55328
0b000901 0b000701 10004 100 204800 1000000 8497053 55328
0b000901 0b000701 10002 100 204800 1000000 8497222 55328
0b000f01 0b000701 10000 100 204800 1000000 8499899 55328
0b000901 0b000701 10005 100 204800 1000000 8504039 55328
0b001501 0b000701 10008 100 204800 1000000 8508806 55328
0b000f01 0b000701 10005 100 204800 1000000 8537190 55328
0b001301 0b000701 10010 100 204800 1000000 8542584 55328
0b000801 0b000701 10008 100 204800 1000000 8543589 55328
0b001401 0b000701 10007 100 204800 1000000 8544385 55328
0b000a01 0b000701 10005 100 204800 1000000 8550824 55328
0b001401 0b000701 10004 100 204800 1000000 8552247 55328
0b000a01 0b000701 10010 100 204800 1000000 8556805 55328
0b000a01 0b000701 10001 100 204800 1000000 8558646 55328
0b001201 0b000701 10006 100 204800 1000000 8564876 55328
0b000a01 0b000701 10004 100 204800 1000000 8571315 55328
0b001401 0b000701 10009 100 204800 1000000 8578799 55328
0b001401 0b000701 10002 100 204800 1000000 8580431 55328
0b000f01 0b000701 10009 100 204800 1000000 8582272 55328
0b000f01 0b000701 10008 100 204800 1000000 8585576 55328
0b000f01 0b000701 10004 100 204800 1000000 8586790 55328
0b001301 0b000701 10004 100 204800 1000000 8590303 55328
0b001101 0b000701 10007 100 204800 1000000 8591726 55328
0b000901 0b000701 10006 100 204800 1000000 8592313 55328
0b000901 0b000701 10010 100 204800 1000000 8593527 55328
0b001101 0b000701 10009 100 204800 1000000 8593905 55328
0b000f01 0b000701 10006 100 204800 1000000 8594283 55328
0b000f01 0b000701 10010 100 204800 1000000 8599050 55328
0b000e01 0b000701 10009 100 204800 1000000 8602981 55328
0b000801 0b000701 10007 100 204800 1000000 8609838 55328
0b001401 0b000701 10010 100 204800 1000000 8611679 55328
0b000e01 0b000701 10002 100 204800 1000000 8613938 55328
0b001301 0b000701 10006 100 204800 1000000 8616824 55328
0b001501 0b000701 10003 100 204800 1000000 8618456 55328
0b001501 0b000701 10001 100 204800 1000000 8618625 55328
0b001201 0b000701 10001 100 204800 1000000 8622974 55328
0b000c01 0b000701 10007 100 204800 1000000 8623770 55328
0b001101 0b000701 10002 100 204800 1000000 8624148 55328
0b001101 0b000701 10005 100 204800 1000000 8625153 55328
0b001101 0b000701 10004 100 204800 1000000 8628666 55328
0b000801 0b000701 10006 100 204800 1000000 8631552 55328
0b000d01 0b000701 10010 100 204800 1000000 8631721 55328
0b001101 0b000701 10010 100 204800 1000000 8640250 55328
0b000d01 0b000701 10002 100 204800 1000000 8642718 55328
0b001501 0b000701 10004 100 204800 1000000 8656681 55328
0b001501 0b000701 10005 100 204800 1000000 8657059 55328
0b001301 0b000701 10001 100 204800 1000000 8658273 55328
0b000801 0b000701 10000 100 204800 1000000 8661368 55328
0b001101 0b000701 10000 100 204800 1000000 8664254 55328
0b001301 0b000701 10003 100 204800 1000000 8664423 55328
0b000f01 0b000701 10002 100 204800 1000000 8665219 55328
0b001101 0b000701 10003 100 204800 1000000 8673330 55328
0b001101 0b000701 10006 100 204800 1000000 8673917 55328
0b000801 0b000701 10010 100 204800 1000000 8677639 55328
0b000801 0b000701 10002 100 204800 1000000 8679898 55328
0b001401 0b000701 10000 100 204800 1000000 8680067 55328
0b000e01 0b000701 10005 100 204800 1000000 8685670 55328
0b000e01 0b000701 10007 100 204800 1000000 8688974 55328
0b000801 0b000701 10001 100 204800 1000000 8689143 55328
0b000d01 0b000701 10007 100 204800 1000000 8692238 55328
0b000d01 0b000701 10003 100 204800 1000000 8693243 55328
0b000d01 0b000701 10006 100 204800 1000000 8698010 55328
0b000c01 0b000701 10008 100 204800 1000000 8701314 55328
0b000c01 0b000701 10000 100 204800 1000000 8705663 55328
0b000c01 0b000701 10009 100 204800 1000000 8706041 55328
0b000801 0b000701 10004 100 204800 1000000 8708091 55328
0b000b01 0b000701 10005 100 204800 1000000 8713694 55328
0b001201 0b000701 10010 100 204800 1000000 8713863 55328
0b001201 0b000701 10007 100 204800 1000000 8716749 55328
0b000c01 0b000701 10010 100 204800 1000000 8716918 55328
0b000d01 0b000701 10008 100 204800 1000000 8717923 55328
0b000d01 0b000701 10000 100 204800 1000000 8718510 55328
0b000c01 0b000701 10005 100 204800 1000000 8720560 55328
0b000b01 0b000701 10002 100 204800 1000000 8720938 55328
0b000b01 0b000701 10007 100 204800 1000000 8723406 55328
0b001001 0b000701 10002 100 204800 1000000 8727128 55328
0b001001 0b000701 10008 100 204800 1000000 8727715 55328
0b000d01 0b000701 10001 100 204800 1000000 8729765 55328
0b000d01 0b000701 10004 100 204800 1000000 8730352 55328
0b001501 0b000701 10009 100 204800 1000000 8730730 55328
0b000e01 0b000701 10010 100 204800 1000000 8732571 55328
0b000b01 0b000701 10010 100 204800 1000000 8732740 55328
0b000c01 0b000701 10001 100 204800 1000000 8735626 55328
0b000b01 0b000701 10009 100 204800 1000000 8736213 55328
0b001201 0b000701 10003 100 204800 1000000 8737636 55328
0b000901 0b000701 10000 100 204800 1000000 8737805 55328
0b001201 0b000701 10004 100 204800 1000000 8737974 55328
0b001301 0b000701 10005 100 204800 1000000 8738143 55328
0b001301 0b000701 10008 100 204800 1000000 8738312 55328
0b001501 0b000701 10002 100 204800 1000000 8748598 55328
0b000e01 0b000701 10003 100 204800 1000000 8752808 55328
0b001501 0b000701 10010 100 204800 1000000 8755018 55328
0b001001 0b000701 10000 100 204800 1000000 8764698 55328
0b000e01 0b000701 10000 100 204800 1000000 8767597 55328
0b000b01 0b000701 10001 100 204800 1000000 8768130 55328
0b000b01 0b000701 10000 100 204800 1000000 8774292 55328
0b001201 0b000701 10005 100 204800 1000000 10409748 55328
0b001201 0b000701 10012 100 204800 10000000 4871727 55328
0b000801 0b000701 10013 100 204800 10000000 5174528 55328
0b001401 0b000701 10012 100 204800 10000000 5186192 55328
0b001501 0b000701 10012 100 204800 10000000 5199946 55328
0b001301 0b000701 10012 100 204800 10000000 5206803 55328
0b000c01 0b000701 10013 100 204800 10000000 5458399 55328
0b000a01 0b000701 10013 100 204800 10000000 5459404 55328
0b000d01 0b000701 10013 100 204800 10000000 5464798 55328
0b000901 0b000701 10013 100 204800 10000000 5465385 55328
0b000b01 0b000701 10013 100 204800 10000000 5482065 55328
0b001501 0b000701 10011 100 204800 10000000 5540127 55328
0b001001 0b000701 10018 100 204800 10000000 6161235 55328
0b001001 0b000701 10011 100 204800 10000000 6163076 55328
0b001001 0b000701 10016 100 204800 10000000 6176621 55328
0b001001 0b000701 10012 100 204800 10000000 6191420 55328
0b000e01 0b000701 10015 100 204800 10000000 6209354 55328
0b001001 0b000701 10017 100 204800 10000000 6218719 55328
0b001001 0b000701 10019 100 204800 10000000 6219097 55328
0b001001 0b000701 10014 100 204800 10000000 6227626 55328
0b001001 0b000701 10015 100 204800 10000000 6231557 55328
0b001001 0b000701 10013 100 204800 10000000 6234025 55328
0b000e01 0b000701 10020 100 204800 10000000 6259483 55328
0b001001 0b000701 10020 100 204800 10000000 6280343 55328
0b000a01 0b000701 10014 100 204800 10000000 6309981 55328
0b000e01 0b000701 10017 100 204800 10000000 6312449 55328
0b000c01 0b000701 10016 100 204800 10000000 6319097 55328
0b000a01 0b000701 10018 100 204800 10000000 6319684 55328
0b000a01 0b000701 10020 100 204800 10000000 6319853 55328
0b000a01 0b000701 10017 100 204800 10000000 6329218 55328
0b000a01 0b000701 10015 100 204800 10000000 6330014 55328
0b000c01 0b000701 10020 100 204800 10000000 6330810 55328
0b000d01 0b000701 10020 100 204800 10000000 6331397 55328
0b000e01 0b000701 10018 100 204800 10000000 6336582 55328
0b000c01 0b000701 10014 100 204800 10000000 6340722 55328
0b000e01 0b000701 10019 100 204800 10000000 6345698 55328
0b000d01 0b000701 10019 100 204800 10000000 6368648 55328
0b000e01 0b000701 10016 100 204800 10000000 6370280 55328
0b001101 0b000701 10015 100 204800 10000000 6370449 55328
0b000c01 0b000701 10017 100 204800 10000000 6375425 55328
0b000d01 0b000701 10018 100 204800 10000000 6378520 55328
0b001101 0b000701 10014 100 204800 10000000 6383496 55328
0b000c01 0b000701 10019 100 204800 10000000 6387636 55328
0b000a01 0b000701 10016 100 204800 10000000 6387805 55328
0b000a01 0b000701 10019 100 204800 10000000 6387974 55328
0b001501 0b000701 10017 100 204800 10000000 6388352 55328
0b000d01 0b000701 10012 100 204800 10000000 6393955 55328
0b000d01 0b000701 10015 100 204800 10000000 6394333 55328
0b000c01 0b000701 10015 100 204800 10000000 6396174 55328
0b000e01 0b000701 10013 100 204800 10000000 6396761 55328
0b001201 0b000701 10013 100 204800 10000000 6397139 55328
0b001201 0b000701 10019 100 204800 10000000 6397517 55328
0b000f01 0b000701 10014 100 204800 10000000 6397895 55328
0b000c01 0b000701 10018 100 204800 10000000 6402244 55328
0b001101 0b000701 10013 100 204800 10000000 6403249 55328
0b001201 0b000701 10018 100 204800 10000000 6411569 55328
0b000f01 0b000701 10012 100 204800 10000000 6413201 55328
0b000f01 0b000701 10015 100 204800 10000000 6413370 55328
0b000b01 0b000701 10018 100 204800 10000000 6414166 55328
0b000d01 0b000701 10016 100 204800 10000000 6414962 55328
0b000e01 0b000701 10012 100 204800 10000000 6417848 55328
0b000e01 0b000701 10014 100 204800 10000000 6418017 55328
0b000e01 0b000701 10011 100 204800 10000000 6418186 55328
0b001101 0b000701 10012 100 204800 10000000 6420027 55328
0b000f01 0b000701 10016 100 204800 10000000 6420196 55328
0b000b01 0b000701 10019 100 204800 10000000 6426217 55328
0b000b01 0b000701 10020 100 204800 10000000 6427431 55328
0b000d01 0b000701 10017 100 204800 10000000 6427809 55328
0b001101 0b000701 10017 100 204800 10000000 6428187 55328
0b000901 0b000701 10015 100 204800 10000000 6432536 55328
0b001201 0b000701 10015 100 204800 10000000 6432705 55328
0b000d01 0b000701 10014 100 204800 10000000 6433292 55328
0b001101 0b000701 10016 100 204800 10000000 6434297 55328
0b000f01 0b000701 10013 100 204800 10000000 6434675 55328
0b000f01 0b000701 10018 100 204800 10000000 6435471 55328
0b000f01 0b000701 10019 100 204800 10000000 6435849 55328
0b000d01 0b000701 10011 100 204800 10000000 6436018 55328
0b001101 0b000701 10020 100 204800 10000000 6436187 55328
0b000b01 0b000701 10016 100 204800 10000000 6436983 55328
0b001201 0b000701 10017 100 204800 10000000 6437988 55328
0b001301 0b000701 10018 100 204800 10000000 6438575 55328
0b001301 0b000701 10013 100 204800 10000000 6440625 55328
0b000c01 0b000701 10011 100 204800 10000000 6440794 55328
0b000b01 0b000701 10014 100 204800 10000000 6440963 55328
0b000f01 0b000701 10017 100 204800 10000000 6441341 55328
0b001101 0b000701 10011 100 204800 10000000 6441719 55328
0b001501 0b000701 10015 100 204800 10000000 6443978 55328
0b001101 0b000701 10018 100 204800 10000000 6444983 55328
0b000901 0b000701 10020 100 204800 10000000 6445570 55328
0b000c01 0b000701 10012 100 204800 10000000 6445739 55328
0b001201 0b000701 10016 100 204800 10000000 6446326 55328
0b000f01 0b000701 10020 100 204800 10000000 6446913 55328
0b000b01 0b000701 10012 100 204800 10000000 6447082 55328
0b001101 0b000701 10019 100 204800 10000000 6447460 55328
0b000b01 0b000701 10015 100 204800 10000000 6448465 55328
0b001301 0b000701 10019 100 204800 10000000 6449052 55328
0b001501 0b000701 10019 100 204800 10000000 6449221 55328
0b001201 0b000701 10014 100 204800 10000000 6450644 55328
0b000b01 0b000701 10011 100 204800 10000000 6450813 55328
0b000901 0b000701 10018 100 204800 10000000 6450982 55328
0b001301 0b000701 10017 100 204800 10000000 6452405 55328
0b001301 0b000701 10015 100 204800 10000000 6452992 55328
0b001501 0b000701 10020 100 204800 10000000 6455460 55328
0b000901 0b000701 10019 100 204800 10000000 6456047 55328
0b001501 0b000701 10016 100 204800 10000000 6456634 55328
0b001301 0b000701 10016 100 204800 10000000 6457848 55328
0b001401 0b000701 10019 100 204800 10000000 6459480 55328
0b001501 0b000701 10018 100 204800 10000000 6460067 55328
0b000f01 0b000701 10011 100 204800 10000000 6460654 55328
0b001401 0b000701 10016 100 204800 10000000 6461450 55328
0b001301 0b000701 10020 100 204800 10000000 6462873 55328
0b001401 0b000701 10017 100 204800 10000000 6463460 55328
0b001401 0b000701 10013 100 204800 10000000 6466137 55328
0b000901 0b000701 10012 100 204800 10000000 6466515 55328
0b000801 0b000701 10011 100 204800 10000000 6466893 55328
0b001501 0b000701 10014 100 204800 10000000 6467689 55328
0b000901 0b000701 10014 100 204800 10000000 6469739 55328
0b001201 0b000701 10011 100 204800 10000000 6472625 55328
0b001401 0b000701 10020 100 204800 10000000 6473839 55328
0b001401 0b000701 10015 100 204800 10000000 6475680 55328
0b000801 0b000701 10019 100 204800 10000000 6475849 55328
0b000801 0b000701 10018 100 204800 10000000 6478526 55328
0b000801 0b000701 10020 100 204800 10000000 6478904 55328
0b000901 0b000701 10017 100 204800 10000000 6479491 55328
0b000901 0b000701 10011 100 204800 10000000 6479660 55328
0b000a01 0b000701 10012 100 204800 10000000 6480665 55328
0b001501 0b000701 10013 100 204800 10000000 6483133 55328
0b001301 0b000701 10014 100 204800 10000000 6483720 55328
0b000801 0b000701 10015 100 204800 10000000 6483889 55328
0b001401 0b000701 10014 100 204800 10000000 6485403 55328
0b001201 0b000701 10020 100 204800 10000000 6486645 55328
0b000801 0b000701 10017 100 204800 10000000 6490431 55328
0b000b01 0b000701 10017 100 204800 10000000 6494751 55328
0b000901 0b000701 10016 100 204800 10000000 6495240 55328
0b001401 0b000701 10018 100 204800 10000000 6498956 55328
0b000a01 0b000701 10011 100 204800 10000000 6501342 55328
0b000801 0b000701 10016 100 204800 10000000 6517642 55328
0b000801 0b000701 10014 100 204800 10000000 6562076 55328
0b001401 0b000701 10011 100 204800 10000000 6901861 55328
0b001301 0b000701 10011 100 204800 10000000 6929798 55328
0b000801 0b000701 10012 100 204800 10000000 6947571 55328
0b001501 0b000701 10022 100 204800 20000000 5140476 55328
0b001301 0b000701 10022 100 204800 20000000 5140854 55328
0b000a01 0b000701 10023 100 204800 20000000 5210411 55328
0b000801 0b000701 10023 100 204800 20000000 5426059 55328
0b000b01 0b000701 10023 100 204800 20000000 5437305 55328
0b000d01 0b000701 10023 100 204800 20000000 5440609 55328
0b000901 0b000701 10023 100 204800 20000000 5448720 55328
0b000c01 0b000701 10023 100 204800 20000000 5678371 55328
0b000c01 0b000701 10027 100 204800 20000000 6123083 55328
0b000e01 0b000701 10030 100 204800 20000000 6129104 55328
0b000b01 0b000701 10024 100 204800 20000000 6136379 55328
0b000e01 0b000701 10028 100 204800 20000000 6140728 55328
0b000e01 0b000701 10029 100 204800 20000000 6140897 55328
0b000c01 0b000701 10028 100 204800 20000000 6147545 55328
0b000b01 0b000701 10029 100 204800 20000000 6148550 55328
0b000e01 0b000701 10026 100 204800 20000000 6154153 55328
0b000c01 0b000701 10026 100 204800 20000000 6177939 55328
0b000b01 0b000701 10022 100 204800 20000000 6179153 55328
0b000c01 0b000701 10030 100 204800 20000000 6192907 55328
0b000c01 0b000701 10029 100 204800 20000000 6193076 55328
0b000b01 0b000701 10027 100 204800 20000000 6196798 55328
0b000e01 0b000701 10024 100 204800 20000000 6219957 55328
0b000e01 0b000701 10027 100 204800 20000000 6225560 55328
0b000e01 0b000701 10025 100 204800 20000000 6246211 55328
0b000b01 0b000701 10028 100 204800 20000000 6253695 55328
0b000b01 0b000701 10030 100 204800 20000000 6267449 55328
0b000f01 0b000701 10021 100 204800 20000000 6279322 55328
0b000f01 0b000701 10023 100 204800 20000000 6287851 55328
0b000e01 0b000701 10023 100 204800 20000000 6300351 55328
0b000c01 0b000701 10021 100 204800 20000000 6305118 55328
0b000c01 0b000701 10025 100 204800 20000000 6305287 55328
0b000f01 0b000701 10022 100 204800 20000000 6322803 55328
0b000f01 0b000701 10025 100 204800 20000000 6331541 55328
0b000b01 0b000701 10026 100 204800 20000000 6343414 55328
0b001201 0b000701 10021 100 204800 20000000 6351316 55328
0b000f01 0b000701 10026 100 204800 20000000 6352321 55328
0b000f01 0b000701 10024 100 204800 20000000 6354580 55328
0b000e01 0b000701 10022 100 204800 20000000 6356212 55328
0b000c01 0b000701 10022 100 204800 20000000 6373519 55328
0b000c01 0b000701 10024 100 204800 20000000 6373688 55328
0b001001 0b000701 10021 100 204800 20000000 6374484 55328
0b001501 0b000701 10026 100 204800 20000000 6384476 55328
0b001201 0b000701 10030 100 204800 20000000 6389661 55328
0b001201 0b000701 10023 100 204800 20000000 6396309 55328
0b001001 0b000701 10023 100 204800 20000000 6396478 55328
0b000801 0b000701 10028 100 204800 20000000 6397692 55328
0b000801 0b000701 10030 100 204800 20000000 6398070 55328
0b000901 0b000701 10024 100 204800 20000000 6400329 55328
0b001101 0b000701 10024 100 204800 20000000 6402797 55328
0b001201 0b000701 10024 100 204800 20000000 6404220 55328
0b001101 0b000701 10025 100 204800 20000000 6404807 55328
0b000901 0b000701 10025 100 204800 20000000 6407902 55328
0b001501 0b000701 10030 100 204800 20000000 6410997 55328
0b001301 0b000701 10027 100 204800 20000000 6413465 55328
0b001001 0b000701 10022 100 204800 20000000 6415097 55328
0b000801 0b000701 10021 100 204800 20000000 6415266 55328
0b000f01 0b000701 10030 100 204800 20000000 6415435 55328
0b000a01 0b000701 10026 100 204800 20000000 6417694 55328
0b001001 0b000701 10025 100 204800 20000000 6421625 55328
0b000f01 0b000701 10028 100 204800 20000000 6423257 55328
0b000f01 0b000701 10027 100 204800 20000000 6423635 55328
0b000f01 0b000701 10029 100 204800 20000000 6424013 55328
0b001201 0b000701 10022 100 204800 20000000 6424600 55328
0b000901 0b000701 10021 100 204800 20000000 6429994 55328
0b000901 0b000701 10029 100 204800 20000000 6430163 55328
0b001201 0b000701 10029 100 204800 20000000 6434721 55328
0b001201 0b000701 10025 100 204800 20000000 6435308 55328
0b000901 0b000701 10022 100 204800 20000000 6437358 55328
0b001001 0b000701 10026 100 204800 20000000 6438781 55328
0b001201 0b000701 10026 100 204800 20000000 6438950 55328
0b001501 0b000701 10027 100 204800 20000000 6441627 55328
0b001201 0b000701 10027 100 204800 20000000 6442632 55328
0b001201 0b000701 10028 100 204800 20000000 6443010 55328
0b001001 0b000701 10028 100 204800 20000000 6446105 55328
0b000a01 0b000701 10025 100 204800 20000000 6446274 55328
0b001001 0b000701 10030 100 204800 20000000 6446443 55328
0b001401 0b000701 10025 100 204800 20000000 6447448 55328
0b000901 0b000701 10030 100 204800 20000000 6448244 55328
0b000a01 0b000701 10027 100 204800 20000000 6448413 55328
0b000d01 0b000701 10028 100 204800 20000000 6449418 55328
0b001401 0b000701 10028 100 204800 20000000 6449587 55328
0b000901 0b000701 10026 100 204800 20000000 6451219 55328
0b000b01 0b000701 10025 100 204800 20000000 6451597 55328
0b001501 0b000701 10029 100 204800 20000000 6451766 55328
0b001101 0b000701 10023 100 204800 20000000 6452353 55328
0b001401 0b000701 10026 100 204800 20000000 6452731 55328
0b000a01 0b000701 10022 100 204800 20000000 6453109 55328
0b000901 0b000701 10027 100 204800 20000000 6453278 55328
0b001301 0b000701 10028 100 204800 20000000 6453865 55328
0b000a01 0b000701 10030 100 204800 20000000 6454034 55328
0b001301 0b000701 10029 100 204800 20000000 6454412 55328
0b001301 0b000701 10026 100 204800 20000000 6455626 55328
0b000a01 0b000701 10024 100 204800 20000000 6456213 55328
0b000901 0b000701 10028 100 204800 20000000 6456382 55328
0b000d01 0b000701 10030 100 204800 20000000 6456551 55328
0b001401 0b000701 10024 100 204800 20000000 6456929 55328
0b000d01 0b000701 10027 100 204800 20000000 6457307 55328
0b001301 0b000701 10030 100 204800 20000000 6458730 55328
0b001401 0b000701 10027 100 204800 20000000 6460362 55328
0b001501 0b000701 10024 100 204800 20000000 6462203 55328
0b001301 0b000701 10024 100 204800 20000000 6462372 55328
0b000801 0b000701 10029 100 204800 20000000 6462541 55328
0b001401 0b000701 10030 100 204800 20000000 6463337 55328
0b001101 0b000701 10027 100 204800 20000000 6464551 55328
0b000801 0b000701 10027 100 204800 20000000 6464929 55328
0b001501 0b000701 10025 100 204800 20000000 6465516 55328
0b001301 0b000701 10025 100 204800 20000000 6465685 55328
0b000a01 0b000701 10028 100 204800 20000000 6465854 55328
0b001001 0b000701 10027 100 204800 20000000 6467068 55328
0b000a01 0b000701 10029 100 204800 20000000 6467864 55328
0b001501 0b000701 10028 100 204800 20000000 6469496 55328
0b000d01 0b000701 10025 100 204800 20000000 6470083 55328
0b001101 0b000701 10028 100 204800 20000000 6470879 55328
0b001101 0b000701 10029 100 204800 20000000 6471257 55328
0b001001 0b000701 10029 100 204800 20000000 6471426 55328
0b000801 0b000701 10026 100 204800 20000000 6472222 55328
0b001401 0b000701 10029 100 204800 20000000 6473018 55328
0b000e01 0b000701 10021 100 204800 20000000 6475068 55328
0b000a01 0b000701 10021 100 204800 20000000 6475446 55328
0b000d01 0b000701 10029 100 204800 20000000 6477078 55328
0b001501 0b000701 10023 100 204800 20000000 6478083 55328
0b001001 0b000701 10024 100 204800 20000000 6478461 55328
0b000d01 0b000701 10024 100 204800 20000000 6478839 55328
0b000d01 0b000701 10022 100 204800 20000000 6479217 55328
0b000801 0b000701 10025 100 204800 20000000 6479804 55328
0b001401 0b000701 10022 100 204800 20000000 6481018 55328
0b000801 0b000701 10024 100 204800 20000000 6482023 55328
0b000d01 0b000701 10026 100 204800 20000000 6483655 55328
0b001101 0b000701 10030 100 204800 20000000 6484451 55328
0b001101 0b000701 10021 100 204800 20000000 6484620 55328
0b000b01 0b000701 10021 100 204800 20000000 6486214 55328
0b001301 0b000701 10023 100 204800 20000000 6487090 55328
0b001101 0b000701 10022 100 204800 20000000 6487677 55328
0b000d01 0b000701 10021 100 204800 20000000 6488462 55328
0b001101 0b000701 10026 100 204800 20000000 6490170 55328
0b001401 0b000701 10023 100 204800 20000000 6493350 55328
0b001301 0b000701 10021 100 204800 20000000 6876514 55328
0b001501 0b000701 10021 100 204800 20000000 6887159 55328
0b000801 0b000701 10022 100 204800 20000000 6895780 55328
0b001401 0b000701 10021 100 204800 20000000 6909183 55328
0b001301 0b000701 10032 100 204800 29999999 5150299 55328
0b001401 0b000701 10032 100 204800 29999999 5177847 55328
0b001501 0b000701 10032 100 204800 29999999 5180524 55328
0b000801 0b000701 10033 100 204800 29999999 5184664 55328
0b000b01 0b000701 10033 100 204800 29999999 5224752 55328
0b000901 0b000701 10033 100 204800 29999999 5439773 55328
0b000c01 0b000701 10033 100 204800 29999999 5441405 55328
0b000a01 0b000701 10033 100 204800 29999999 5455368 55328
0b000d01 0b000701 10033 100 204800 29999999 5455746 55328
0b000e01 0b000701 10034 100 204800 29999999 6045504 55328
0b000e01 0b000701 10038 100 204800 29999999 6108373 55328
0b000e01 0b000701 10040 100 204800 29999999 6119410 55328
0b000e01 0b000701 10037 100 204800 29999999 6146540 55328
0b001401 0b000701 10040 100 204800 29999999 6148172 55328
0b000f01 0b000701 10038 100 204800 29999999 6168405 55328
0b000e01 0b000701 10039 100 204800 29999999 6169828 55328
0b000e01 0b000701 10035 100 204800 29999999 6206781 55328
0b000e01 0b000701 10033 100 204800 29999999 6218445 55328
0b000f01 0b000701 10036 100 204800 29999999 6254353 55328
0b001401 0b000701 10034 100 204800 29999999 6257448 55328
0b001501 0b000701 10037 100 204800 29999999 6265350 55328
0b000e01 0b000701 10036 100 204800 29999999 6273670 55328
0b001401 0b000701 10039 100 204800 29999999 6275720 55328
0b001401 0b000701 10037 100 204800 29999999 6286130 55328
0b001401 0b000701 10038 100 204800 29999999 6286299 55328
0b001501 0b000701 10040 100 204800 29999999 6304024 55328
0b000f01 0b000701 10034 100 204800 29999999 6309418 55328
0b001501 0b000701 10038 100 204800 29999999 6330278 55328
0b000f01 0b000701 10035 100 204800 29999999 6344659 55328
0b001401 0b000701 10036 100 204800 29999999 6362802 55328
0b000f01 0b000701 10032 100 204800 29999999 6364225 55328
0b001501 0b000701 10036 100 204800 29999999 6366275 55328
0b001001 0b000701 10033 100 204800 29999999 6375849 55328
0b001401 0b000701 10035 100 204800 29999999 6377272 55328
0b000f01 0b000701 10040 100 204800 29999999 6382666 55328
0b000f01 0b000701 10039 100 204800 29999999 6383253 55328
0b001501 0b000701 10035 100 204800 29999999 6383631 55328
0b000801 0b000701 10036 100 204800 29999999 6384009 55328
0b000b01 0b000701 10036 100 204800 29999999 6387522 55328
0b000801 0b000701 10037 100 204800 29999999 6392289 55328
0b001201 0b000701 10040 100 204800 29999999 6396847 55328
0b001101 0b000701 10033 100 204800 29999999 6397852 55328
0b001201 0b000701 10031 100 204800 29999999 6398021 55328
0b001201 0b000701 10033 100 204800 29999999 6399235 55328
0b001201 0b000701 10032 100 204800 29999999 6407137 55328
0b001201 0b000701 10035 100 204800 29999999 6407306 55328
0b001101 0b000701 10034 100 204800 29999999 6408311 55328
0b001501 0b000701 10039 100 204800 29999999 6414541 55328
0b001001 0b000701 10034 100 204800 29999999 6416591 55328
0b001201 0b000701 10036 100 204800 29999999 6417178 55328
0b001101 0b000701 10032 100 204800 29999999 6417347 55328
0b001201 0b000701 10038 100 204800 29999999 6418770 55328
0b000b01 0b000701 10035 100 204800 29999999 6425209 55328
0b001201 0b000701 10034 100 204800 29999999 6427677 55328
0b001001 0b000701 10032 100 204800 29999999 6428264 55328
0b001001 0b000701 10035 100 204800 29999999 6430941 55328
0b000f01 0b000701 10037 100 204800 29999999 6431319 55328
0b000b01 0b000701 10040 100 204800 29999999 6436086 55328
0b001301 0b000701 10035 100 204800 29999999 6436882 55328
0b000901 0b000701 10036 100 204800 29999999 6438305 55328
0b001101 0b000701 10035 100 204800 29999999 6439310 55328
0b000d01 0b000701 10036 100 204800 29999999 6441569 55328
0b000b01 0b000701 10034 100 204800 29999999 6444246 55328
0b001501 0b000701 10034 100 204800 29999999 6445878 55328
0b001201 0b000701 10037 100 204800 29999999 6446465 55328
0b000901 0b000701 10035 100 204800 29999999 6447679 55328
0b000801 0b000701 10039 100 204800 29999999 6447848 55328
0b000b01 0b000701 10031 100 204800 29999999 6452406 55328
0b000c01 0b000701 10034 100 204800 29999999 6454665 55328
0b000d01 0b000701 10034 100 204800 29999999 6455879 55328
0b001101 0b000701 10040 100 204800 29999999 6457929 55328
0b001001 0b000701 10031 100 204800 29999999 6458098 55328
0b000a01 0b000701 10036 100 204800 29999999 6458476 55328
0b000b01 0b000701 10032 100 204800 29999999 6458645 55328
0b000c01 0b000701 10032 100 204800 29999999 6459232 55328
0b000801 0b000701 10038 100 204800 29999999 6459610 55328
0b001001 0b000701 10040 100 204800 29999999 6459988 55328
0b000901 0b000701 10034 100 204800 29999999 6460157 55328
0b001301 0b000701 10037 100 204800 29999999 6460326 55328
0b000c01 0b000701 10036 100 204800 29999999 6460495 55328
0b000801 0b000701 10031 100 204800 29999999 6460664 55328
0b000901 0b000701 10038 100 204800 29999999 6460833 55328
0b000d01 0b000701 10039 100 204800 29999999 6461211 55328
0b000901 0b000701 10037 100 204800 29999999 6461380 55328
0b000a01 0b000701 10034 100 204800 29999999 6461549 55328
0b000801 0b000701 10034 100 204800 29999999 6461718 55328
0b000d01 0b000701 10032 100 204800 29999999 6462514 55328
0b000f01 0b000701 10031 100 204800 29999999 6462683 55328
0b001301 0b000701 10034 100 204800 29999999 6463270 55328
0b001301 0b000701 10040 100 204800 29999999 6463439 55328
0b001301 0b000701 10036 100 204800 29999999 6463817 55328
0b000a01 0b000701 10032 100 204800 29999999 6464195 55328
0b000b01 0b000701 10038 100 204800 29999999 6464573 55328
0b000801 0b000701 10035 100 204800 29999999 6465578 55328
0b000c01 0b000701 10031 100 204800 29999999 6466374 55328
0b001301 0b000701 10038 100 204800 29999999 6466543 55328
0b000a01 0b000701 10038 100 204800 29999999 6467966 55328
0b001001 0b000701 10036 100 204800 29999999 6469389 55328
0b001101 0b000701 10036 100 204800 29999999 6469558 55328
0b001101 0b000701 10037 100 204800 29999999 6469727 55328
0b000d01 0b000701 10037 100 204800 29999999 6470105 55328
0b000b01 0b000701 10037 100 204800 29999999 6470274 55328
0b000801 0b000701 10040 100 204800 29999999 6470652 55328
0b000c01 0b000701 10037 100 204800 29999999 6470821 55328
0b000c01 0b000701 10035 100 204800 29999999 6472453 55328
0b000b01 0b000701 10039 100 204800 29999999 6473667 55328
0b000a01 0b000701 10040 100 204800 29999999 6474045 55328
0b001001 0b000701 10037 100 204800 29999999 6476095 55328
0b000c01 0b000701 10038 100 204800 29999999 6476891 55328
0b000d01 0b000701 10038 100 204800 29999999 6477269 55328
0b000d01 0b000701 10040 100 204800 29999999 6477438 55328
0b000a01 0b000701 10039 100 204800 29999999 6477816 55328
0b001301 0b000701 10039 100 204800 29999999 6478612 55328
0b000c01 0b000701 10040 100 204800 29999999 6478781 55328
0b000901 0b000701 10039 100 204800 29999999 6478950 55328
0b001001 0b000701 10038 100 204800 29999999 6479119 55328
0b001101 0b000701 10039 100 204800 29999999 6479288 55328
0b000901 0b000701 10040 100 204800 29999999 6479666 55328
0b001101 0b000701 10038 100 204800 29999999 6480044 55328
0b000c01 0b000701 10039 100 204800 29999999 6480840 55328
0b000d01 0b000701 10031 100 204800 29999999 6481218 55328
0b000d01 0b000701 10035 100 204800 29999999 6481805 55328
0b000901 0b000701 10032 100 204800 29999999 6484273 55328
0b000a01 0b000701 10031 100 204800 29999999 6485278 55328
0b001101 0b000701 10031 100 204800 29999999 6485865 55328
0b001001 0b000701 10039 100 204800 29999999 6486661 55328
0b001201 0b000701 10039 100 204800 29999999 6487039 55328
0b001501 0b000701 10033 100 204800 29999999 6487417 55328
0b000f01 0b000701 10033 100 204800 29999999 6488213 55328
0b000901 0b000701 10031 100 204800 29999999 6488382 55328
0b000a01 0b000701 10037 100 204800 29999999 6490850 55328
0b000a01 0b000701 10035 100 204800 29999999 6493440 55328
0b001301 0b000701 10033 100 204800 29999999 6494374 55328
0b000e01 0b000701 10032 100 204800 29999999 6497509 55328
0b001401 0b000701 10033 100 204800 29999999 6502958 55328
0b001301 0b000701 10031 100 204800 29999999 6532377 55328
0b000e01 0b000701 10031 100 204800 29999999 6550780 55328
0b000801 0b000701 10032 100 204800 29999999 6874013 55328
0b001401 0b000701 10031 100 204800 29999999 6886243 55328
0b001501 0b000701 10031 100 204800 29999999 6913240 55328
0b000801 0b000701 10043 100 204800 40000000 5110798 55328
0b001401 0b000701 10042 100 204800 40000000 5128523 55328
0b001501 0b000701 10042 100 204800 40000000 5139978 55328
0b001301 0b000701 10042 100 204800 40000000 5146835 55328
0b000901 0b000701 10043 100 204800 40000000 5215347 55328
0b000b01 0b000701 10043 100 204800 40000000 5399645 55328
0b000d01 0b000701 10043 100 204800 40000000 5434926 55328
0b000d01 0b000701 10049 100 204800 40000000 6126676 55328
0b000d01 0b000701 10050 100 204800 40000000 6141266 55328
0b000d01 0b000701 10046 100 204800 40000000 6208315 55328
0b000901 0b000701 10049 100 204800 40000000 6217680 55328
0b000901 0b000701 10041 100 204800 40000000 6217849 55328
0b000901 0b000701 10047 100 204800 40000000 6226587 55328
0b000901 0b000701 10045 100 204800 40000000 6226756 55328
0b000d01 0b000701 10044 100 204800 40000000 6238420 55328
0b000d01 0b000701 10045 100 204800 40000000 6238589 55328
0b000901 0b000701 10050 100 204800 40000000 6238967 55328
0b000901 0b000701 10046 100 204800 40000000 6251885 55328
0b000901 0b000701 10048 100 204800 40000000 6252054 55328
0b000d01 0b000701 10048 100 204800 40000000 6277094 55328
0b000d01 0b000701 10047 100 204800 40000000 6285414 55328
0b000c01 0b000701 10043 100 204800 40000000 6302094 55328
0b001001 0b000701 10049 100 204800 40000000 6318147 55328
0b000d01 0b000701 10042 100 204800 40000000 6323123 55328
0b000e01 0b000701 10041 100 204800 40000000 6327054 55328
0b001201 0b000701 10041 100 204800 40000000 6331612 55328
0b000e01 0b000701 10043 100 204800 40000000 6331781 55328
0b001001 0b000701 10048 100 204800 40000000 6331950 55328
0b001001 0b000701 10050 100 204800 40000000 6338389 55328
0b000b01 0b000701 10041 100 204800 40000000 6353815 55328
0b001101 0b000701 10041 100 204800 40000000 6360881 55328
0b001001 0b000701 10042 100 204800 40000000 6363976 55328
0b000b01 0b000701 10044 100 204800 40000000 6370833 55328
0b001201 0b000701 10050 100 204800 40000000 6372047 55328
0b001101 0b000701 10050 100 204800 40000000 6372216 55328
0b001101 0b000701 10043 100 204800 40000000 6372594 55328
0b001201 0b000701 10044 100 204800 40000000 6374226 55328
0b000c01 0b000701 10046 100 204800 40000000 6374604 55328
0b001001 0b000701 10046 100 204800 40000000 6376027 55328
0b000b01 0b000701 10045 100 204800 40000000 6380167 55328
0b001201 0b000701 10043 100 204800 40000000 6382635 55328
0b001001 0b000701 10047 100 204800 40000000 6387611 55328
0b001001 0b000701 10044 100 204800 40000000 6387989 55328
0b000b01 0b000701 10046 100 204800 40000000 6391293 55328
0b000a01 0b000701 10048 100 204800 40000000 6392298 55328
0b001101 0b000701 10044 100 204800 40000000 6394975 55328
0b000e01 0b000701 10042 100 204800 40000000 6395980 55328
0b001001 0b000701 10045 100 204800 40000000 6396358 55328
0b000b01 0b000701 10047 100 204800 40000000 6399453 55328
0b000d01 0b000701 10041 100 204800 40000000 6400667 55328
0b000a01 0b000701 10047 100 204800 40000000 6401463 55328
0b000f01 0b000701 10045 100 204800 40000000 6401841 55328
0b001401 0b000701 10049 100 204800 40000000 6402010 55328
0b000e01 0b000701 10046 100 204800 40000000 6404896 55328
0b000a01 0b000701 10049 100 204800 40000000 6406110 55328
0b000e01 0b000701 10045 100 204800 40000000 6406488 55328
0b001201 0b000701 10045 100 204800 40000000 6406657 55328
0b000c01 0b000701 10044 100 204800 40000000 6407453 55328
0b001101 0b000701 10042 100 204800 40000000 6408249 55328
0b001001 0b000701 10043 100 204800 40000000 6408627 55328
0b000b01 0b000701 10048 100 204800 40000000 6409841 55328
0b000b01 0b000701 10042 100 204800 40000000 6410428 55328
0b000f01 0b000701 10046 100 204800 40000000 6411224 55328
0b000c01 0b000701 10049 100 204800 40000000 6412229 55328
0b000c01 0b000701 10050 100 204800 40000000 6412398 55328
0b000c01 0b000701 10047 100 204800 40000000 6412567 55328
0b000a01 0b000701 10045 100 204800 40000000 6412736 55328
0b001201 0b000701 10042 100 204800 40000000 6413114 55328
0b001201 0b000701 10047 100 204800 40000000 6413283 55328
0b001001 0b000701 10041 100 204800 40000000 6415751 55328
0b000b01 0b000701 10050 100 204800 40000000 6416756 55328
0b001101 0b000701 10045 100 204800 40000000 6418806 55328
0b001101 0b000701 10048 100 204800 40000000 6418975 55328
0b000f01 0b000701 10047 100 204800 40000000 6419562 55328
0b000e01 0b000701 10050 100 204800 40000000 6419940 55328
0b000a01 0b000701 10044 100 204800 40000000 6421154 55328
0b000a01 0b000701 10046 100 204800 40000000 6421950 55328
0b000b01 0b000701 10049 100 204800 40000000 6422746 55328
0b000f01 0b000701 10049 100 204800 40000000 6424169 55328
0b000a01 0b000701 10042 100 204800 40000000 6424547 55328
0b000f01 0b000701 10050 100 204800 40000000 6425970 55328
0b000a01 0b000701 10041 100 204800 40000000 6426139 55328
0b000c01 0b000701 10048 100 204800 40000000 6428398 55328
0b000f01 0b000701 10048 100 204800 40000000 6428776 55328
0b001401 0b000701 10050 100 204800 40000000 6430826 55328
0b001501 0b000701 10046 100 204800 40000000 6431831 55328
0b001401 0b000701 10045 100 204800 40000000 6434508 55328
0b001401 0b000701 10046 100 204800 40000000 6434886 55328
0b000c01 0b000701 10045 100 204800 40000000 6435264 55328
0b001501 0b000701 10044 100 204800 40000000 6435433 55328
0b000801 0b000701 10047 100 204800 40000000 6436647 55328
0b001101 0b000701 10046 100 204800 40000000 6438279 55328
0b001201 0b000701 10046 100 204800 40000000 6438448 55328
0b000e01 0b000701 10047 100 204800 40000000 6438617 55328
0b001501 0b000701 10045 100 204800 40000000 6440040 55328
0b001301 0b000701 10046 100 204800 40000000 6440627 55328
0b001101 0b000701 10047 100 204800 40000000 6443304 55328
0b001401 0b000701 10047 100 204800 40000000 6444518 55328
0b001401 0b000701 10048 100 204800 40000000 6444687 55328
0b000f01 0b000701 10043 100 204800 40000000 6444856 55328
0b000801 0b000701 10049 100 204800 40000000 6447742 55328
0b001501 0b000701 10048 100 204800 40000000 6447911 55328
0b000801 0b000701 10048 100 204800 40000000 6448080 55328
0b000e01 0b000701 10044 100 204800 40000000 6448249 55328
0b001401 0b000701 10043 100 204800 40000000 6448627 55328
0b001501 0b000701 10047 100 204800 40000000 6449005 55328
0b001201 0b000701 10049 100 204800 40000000 6450846 55328
0b000e01 0b000701 10048 100 204800 40000000 6451224 55328
0b001501 0b000701 10043 100 204800 40000000 6452647 55328
0b001301 0b000701 10049 100 204800 40000000 6453025 55328
0b000901 0b000701 10042 100 204800 40000000 6453194 55328
0b000e01 0b000701 10049 100 204800 40000000 6453572 55328
0b001401 0b000701 10044 100 204800 40000000 6454786 55328
0b001101 0b000701 10049 100 204800 40000000 6455373 55328
0b000901 0b000701 10044 100 204800 40000000 6455751 55328
0b001301 0b000701 10047 100 204800 40000000 6456547 55328
0b001301 0b000701 10045 100 204800 40000000 6457134 55328
0b000c01 0b000701 10042 100 204800 40000000 6457721 55328
0b000a01 0b000701 10050 100 204800 40000000 6459353 55328
0b000801 0b000701 10041 100 204800 40000000 6460567 55328
0b001301 0b000701 10048 100 204800 40000000 6461572 55328
0b000801 0b000701 10050 100 204800 40000000 6463622 55328
0b000801 0b000701 10045 100 204800 40000000 6464209 55328
0b001201 0b000701 10048 100 204800 40000000 6464587 55328
0b001501 0b000701 10049 100 204800 40000000 6465174 55328
0b001301 0b000701 10050 100 204800 40000000 6467851 55328
0b001501 0b000701 10050 100 204800 40000000 6468438 55328
0b001301 0b000701 10044 100 204800 40000000 6472264 55328
0b000801 0b000701 10046 100 204800 40000000 6480332 55328
0b000801 0b000701 10044 100 204800 40000000 6483826 55328
0b001301 0b000701 10043 100 204800 40000000 6492467 55328
0b000f01 0b000701 10044 100 204800 40000000 6510625 55328
0b001401 0b000701 10041 100 204800 40000000 6524824 55328
0b000f01 0b000701 10041 100 204800 40000000 6526241 55328
0b000f01 0b000701 10042 100 204800 40000000 6533146 55328
0b000801 0b000701 10042 100 204800 40000000 6881476 55328
0b001301 0b000701 10041 100 204800 40000000 6888289 55328
0b000a01 0b000701 10043 100 204800 40000000 6903716 55328
0b001501 0b000701 10041 100 204800 40000000 6907753 55328
0b000c01 0b000701 10041 100 204800 40000000 6918238 55328
0b000801 0b000701 10053 100 204800 50000000 5113306 55328
0b001301 0b000701 10052 100 204800 50000000 5126224 55328
0b001201 0b000701 10052 100 204800 50000000 5156907 55328
0b001401 0b000701 10052 100 204800 50000000 5164182 55328
0b001501 0b000701 10052 100 204800 50000000 5175428 55328
0b000c01 0b000701 10053 100 204800 50000000 5383343 55328
0b000a01 0b000701 10053 100 204800 50000000 5398978 55328
0b000901 0b000701 10053 100 204800 50000000 5400819 55328
0b000b01 0b000701 10053 100 204800 50000000 5420425 55328
0b001401 0b000701 10051 100 204800 50000000 5515480 55328
0b000901 0b000701 10057 100 204800 50000000 6152472 55328
0b001401 0b000701 10057 100 204800 50000000 6216177 55328
0b001401 0b000701 10056 100 204800 50000000 6270059 55328
0b001401 0b000701 10060 100 204800 50000000 6287993 55328
0b001401 0b000701 10059 100 204800 50000000 6289416 55328
0b001401 0b000701 10058 100 204800 50000000 6319472 55328
0b001401 0b000701 10053 100 204800 50000000 6332599 55328
0b000c01 0b000701 10051 100 204800 50000000 6334858 55328
0b001401 0b000701 10055 100 204800 50000000 6345059 55328
0b001101 0b000701 10051 100 204800 50000000 6356305 55328
0b000b01 0b000701 10051 100 204800 50000000 6360027 55328
0b000b01 0b000701 10054 100 204800 50000000 6361032 55328
0b000d01 0b000701 10051 100 204800 50000000 6361828 55328
0b001101 0b000701 10053 100 204800 50000000 6370566 55328
0b001101 0b000701 10054 100 204800 50000000 6372407 55328
0b000d01 0b000701 10054 100 204800 50000000 6376756 55328
0b000e01 0b000701 10054 100 204800 50000000 6384867 55328
0b000e01 0b000701 10053 100 204800 50000000 6385454 55328
0b000e01 0b000701 10055 100 204800 50000000 6386041 55328
0b001501 0b000701 10056 100 204800 50000000 6386419 55328
0b000e01 0b000701 10057 100 204800 50000000 6386588 55328
0b001001 0b000701 10051 100 204800 50000000 6389474 55328
0b000d01 0b000701 10060 100 204800 50000000 6390688 55328
0b000b01 0b000701 10055 100 204800 50000000 6390857 55328
0b001001 0b000701 10054 100 204800 50000000 6391444 55328
0b000c01 0b000701 10054 100 204800 50000000 6392031 55328
0b000e01 0b000701 10056 100 204800 50000000 6393036 55328
0b001501 0b000701 10054 100 204800 50000000 6393623 55328
0b001101 0b000701 10060 100 204800 50000000 6393792 55328
0b000b01 0b000701 10060 100 204800 50000000 6396887 55328
0b000d01 0b000701 10052 100 204800 50000000 6397265 55328
0b000e01 0b000701 10058 100 204800 50000000 6397852 55328
0b000801 0b000701 10055 100 204800 50000000 6398439 55328
0b001101 0b000701 10057 100 204800 50000000 6399235 55328
0b001501 0b000701 10055 100 204800 50000000 6400240 55328
0b000a01 0b000701 10055 100 204800 50000000 6401036 55328
0b000e01 0b000701 10060 100 204800 50000000 6404340 55328
0b001001 0b000701 10052 100 204800 50000000 6405136 55328
0b000801 0b000701 10058 100 204800 50000000 6406350 55328
0b000901 0b000701 10055 100 204800 50000000 6406519 55328
0b001101 0b000701 10059 100 204800 50000000 6407524 55328
0b000801 0b000701 10056 100 204800 50000000 6408320 55328
0b001101 0b000701 10058 100 204800 50000000 6408489 55328
0b001501 0b000701 10057 100 204800 50000000 6408658 55328
0b001501 0b000701 10053 100 204800 50000000 6409036 55328
0b000901 0b000701 10056 100 204800 50000000 6411086 55328
0b001301 0b000701 10055 100 204800 50000000 6413763 55328
0b000801 0b000701 10054 100 204800 50000000 6418530 55328
0b001301 0b000701 10054 100 204800 50000000 6419326 55328
0b000e01 0b000701 10051 100 204800 50000000 6420331 55328
0b001301 0b000701 10056 100 204800 50000000 6420500 55328
0b001101 0b000701 10055 100 204800 50000000 6420878 55328
0b000c01 0b000701 10052 100 204800 50000000 6421465 55328
0b000d01 0b000701 10055 100 204800 50000000 6421634 55328
0b000c01 0b000701 10055 100 204800 50000000 6421803 55328
0b000a01 0b000701 10056 100 204800 50000000 6422599 55328
0b000d01 0b000701 10056 100 204800 50000000 6423186 55328
0b000b01 0b000701 10052 100 204800 50000000 6424818 55328
0b001501 0b000701 10058 100 204800 50000000 6425405 55328
0b001501 0b000701 10059 100 204800 50000000 6425574 55328
0b000801 0b000701 10057 100 204800 50000000 6425952 55328
0b001001 0b000701 10055 100 204800 50000000 6426330 55328
0b000e01 0b000701 10052 100 204800 50000000 6426499 55328
0b001101 0b000701 10056 100 204800 50000000 6426877 55328
0b001201 0b000701 10056 100 204800 50000000 6427673 55328
0b001001 0b000701 10056 100 204800 50000000 6427842 55328
0b001101 0b000701 10052 100 204800 50000000 6428011 55328
0b000c01 0b000701 10056 100 204800 50000000 6428807 55328
0b000c01 0b000701 10060 100 204800 50000000 6428976 55328
0b000801 0b000701 10060 100 204800 50000000 6432071 55328
0b001001 0b000701 10057 100 204800 50000000 6432658 55328
0b000801 0b000701 10059 100 204800 50000000 6433663 55328
0b000a01 0b000701 10058 100 204800 50000000 6435504 55328
0b000901 0b000701 10058 100 204800 50000000 6437136 55328
0b000b01 0b000701 10056 100 204800 50000000 6437305 55328
0b000d01 0b000701 10057 100 204800 50000000 6437683 55328
0b000801 0b000701 10051 100 204800 50000000 6438897 55328
0b001001 0b000701 10059 100 204800 50000000 6439066 55328
0b000e01 0b000701 10059 100 204800 50000000 6439444 55328
0b000a01 0b000701 10060 100 204800 50000000 6440240 55328
0b000b01 0b000701 10058 100 204800 50000000 6441663 55328
0b000901 0b000701 10059 100 204800 50000000 6442459 55328
0b000f01 0b000701 10058 100 204800 50000000 6442628 55328
0b001501 0b000701 10060 100 204800 50000000 6443215 55328
0b000b01 0b000701 10057 100 204800 50000000 6444638 55328
0b000c01 0b000701 10058 100 204800 50000000 6448778 55328
0b000a01 0b000701 10052 100 204800 50000000 6449574 55328
0b000d01 0b000701 10058 100 204800 50000000 6449952 55328
0b000f01 0b000701 10055 100 204800 50000000 6450121 55328
0b001001 0b000701 10060 100 204800 50000000 6452171 55328
0b001001 0b000701 10058 100 204800 50000000 6453385 55328
0b000f01 0b000701 10060 100 204800 50000000 6454181 55328
0b001301 0b000701 10053 100 204800 50000000 6456022 55328
0b001401 0b000701 10054 100 204800 50000000 6456400 55328
0b001301 0b000701 10058 100 204800 50000000 6457196 55328
0b001201 0b000701 10054 100 204800 50000000 6457783 55328
0b000901 0b000701 10054 100 204800 50000000 6458370 55328
0b000901 0b000701 10052 100 204800 50000000 6458748 55328
0b001301 0b000701 10057 100 204800 50000000 6459126 55328
0b000b01 0b000701 10059 100 204800 50000000 6459922 55328
0b000d01 0b000701 10059 100 204800 50000000 6461136 55328
0b000f01 0b000701 10054 100 204800 50000000 6461305 55328
0b000a01 0b000701 10059 100 204800 50000000 6461474 55328
0b001201 0b000701 10055 100 204800 50000000 6461852 55328
0b001201 0b000701 10060 100 204800 50000000 6462021 55328
0b000f01 0b000701 10053 100 204800 50000000 6462190 55328
0b000a01 0b000701 10054 100 204800 50000000 6462359 55328
0b001301 0b000701 10060 100 204800 50000000 6463573 55328
0b000c01 0b000701 10059 100 204800 50000000 6463742 55328
0b000901 0b000701 10051 100 204800 50000000 6464120 55328
0b001301 0b000701 10059 100 204800 50000000 6465125 55328
0b001201 0b000701 10057 100 204800 50000000 6465294 55328
0b000f01 0b000701 10059 100 204800 50000000 6465672 55328
0b000c01 0b000701 10057 100 204800 50000000 6466050 55328
0b001201 0b000701 10059 100 204800 50000000 6466637 55328
0b000a01 0b000701 10057 100 204800 50000000 6467224 55328
0b000f01 0b000701 10057 100 204800 50000000 6469483 55328
0b001201 0b000701 10058 100 204800 50000000 6471533 55328
0b000a01 0b000701 10051 100 204800 50000000 6472120 55328
0b001201 0b000701 10053 100 204800 50000000 6474674 55328
0b000901 0b000701 10060 100 204800 50000000 6478828 55328
0b000f01 0b000701 10056 100 204800 50000000 6480282 55328
0b001001 0b000701 10053 100 204800 50000000 6481153 55328
0b000f01 0b000701 10052 100 204800 50000000 6493892 55328
0b000801 0b000701 10052 100 204800 50000000 6502742 55328
0b001301 0b000701 10051 100 204800 50000000 6904392 55328
0b001501 0b000701 10051 100 204800 50000000 6923495 55328
0b001201 0b000701 10051 100 204800 50000000 6924474 55328
0b000f01 0b000701 10051 100 204800 50000000 6969749 55328
0b000d01 0b000701 10053 100 204800 50000000 7069905 55328
0b000001 0b000601 10000 100 209715200 0 74831314 43981113
