1088772 20 0 1 1
1088772 21 0 1 1
1088981 8 0 1 1
1088981 9 0 1 1
1088981 10 0 1 1
1088981 11 0 1 1
1088981 12 0 1 1
1088981 13 0 1 1
1088981 14 0 1 1
1088981 15 0 1 1
1088981 16 0 1 1
1088981 17 0 1 1
1088981 18 0 1 1
1088981 19 0 1 1
1119499 26 1 3 1
1181150 19 0 1 0
1182404 11 0 1 0
1182613 12 0 1 0
1182822 13 0 1 0
1183031 14 0 1 0
1183240 15 0 1 0
1183449 16 0 1 0
1183658 17 0 1 0
1184285 20 0 1 0
1184494 21 0 1 0
1184912 8 0 1 0
1185121 9 0 1 0
1185330 10 0 1 0
1187002 18 0 1 0
1296174 23 1 2 1
1299862 26 1 3 0
1309349 23 1 2 0
1324680 26 1 3 1
1333958 23 1 2 1
1487753 26 1 3 0
1497240 23 1 2 0
1514452 26 1 3 1
1523939 23 1 2 1
1669583 26 1 3 0
1679070 23 1 2 0
1695237 26 1 3 1
1704724 23 1 2 1
1857474 26 1 3 0
1866961 23 1 2 0
1884173 26 1 3 1
1893660 23 1 2 1
2004401 26 1 3 0
2013888 23 1 2 0
2025875 26 1 3 1
2035362 23 1 2 1
2145476 26 1 3 0
2154963 23 1 2 0
2167368 26 1 3 1
2176855 23 1 2 1
2248931 26 1 3 0
2258418 23 1 2 0
2264971 26 1 3 1
2274458 23 1 2 1
2288223 26 1 3 0
2297710 23 1 2 0
2479405 26 1 3 1
2510808 26 1 3 0
7763453 8 0 1 1
7763470 13 0 1 1
7763796 20 0 1 1
7763964 19 0 1 1
7764053 10 0 1 1
7766585 21 0 1 1
7768735 17 0 1 1
7770944 12 0 1 1
7776965 11 0 1 1
7777286 15 0 1 1
7780140 9 0 1 1
7805449 12 0 1 0
7806703 11 0 1 0
7830947 19 0 1 0
7839045 19 0 1 1
7858535 8 0 1 0
7858744 13 0 1 0
7860207 20 0 1 0
7862088 10 0 1 0
7866215 8 0 1 1
7866424 13 0 1 1
7867469 20 0 1 1
7869350 10 0 1 1
7878141 17 0 1 0
7880858 19 0 1 0
7883993 21 0 1 0
7885821 17 0 1 1
7889009 9 0 1 0
7891255 21 0 1 1
7900033 9 0 1 1
7913671 17 0 1 0
7936034 20 0 1 0
7938751 8 0 1 0
7938960 13 0 1 0
7942669 20 0 1 1
7945386 8 0 1 1
7945595 13 0 1 1
7947220 17 0 1 1
7950664 10 0 1 0
7958135 10 0 1 1
7960905 17 0 1 0
7970310 13 0 1 0
7972191 21 0 1 0
7979453 21 0 1 1
8014827 20 0 1 0
8018171 8 0 1 0
8023761 20 0 1 1
8027785 10 0 1 0
8037137 10 0 1 1
8048894 15 0 1 0
8050775 21 0 1 0
8060336 21 0 1 1
8062426 15 0 1 1
8092784 20 0 1 0
8102345 20 0 1 1
8105742 10 0 1 0
8115303 10 0 1 1
8126015 10 0 1 0
8132285 15 0 1 0
8134375 21 0 1 0
8143100 15 0 1 1
8174712 20 0 1 0
8174921 9 0 1 0
8191797 9 0 1 1
8216512 15 0 1 0
8228372 15 0 1 1
8261238 9 0 1 0
8265000 15 0 1 0
12113065 21 0 1 1
12113223 18 0 1 1
12113959 8 0 1 1
12114168 19 0 1 1
12114586 20 0 1 1
12115696 9 0 1 1
12116049 11 0 1 1
12116049 13 0 1 1
12116676 10 0 1 1
12116676 12 0 1 1
12118806 16 0 1 1
12119760 14 0 1 1
12120647 15 0 1 1
12121065 17 0 1 1
12181566 20 0 1 0
12182402 19 0 1 0
12185537 8 0 1 0
12189873 20 0 1 1
12190082 19 0 1 1
12191389 21 0 1 0
12192643 18 0 1 0
12193008 8 0 1 1
12198860 21 0 1 1
12199905 18 0 1 1
12210617 12 0 1 0
12210826 10 0 1 0
12213543 11 0 1 0
12215842 13 0 1 0
12216678 9 0 1 0
12217879 12 0 1 1
12218297 10 0 1 1
12220596 11 0 1 1
12222895 13 0 1 1
12223522 9 0 1 1
12262658 16 0 1 0
12270338 16 0 1 1
12277079 18 0 1 0
12277288 21 0 1 0
12277497 14 0 1 0
12284132 18 0 1 1
12284341 21 0 1 1
12285386 14 0 1 1
12291500 8 0 1 0
12293172 15 0 1 0
12294844 19 0 1 0
12298762 8 0 1 1
12301270 15 0 1 1
12301688 19 0 1 1
12301741 17 0 1 0
12308220 9 0 1 0
12309839 17 0 1 1
12312191 20 0 1 0
12315482 9 0 1 1
12315953 11 0 1 0
12316162 13 0 1 0
12319453 20 0 1 1
12323006 11 0 1 1
12323215 13 0 1 1
12327448 12 0 1 0
12330165 10 0 1 0
12334710 12 0 1 1
12337218 10 0 1 1
12363605 16 0 1 0
12370867 16 0 1 1
12378653 18 0 1 0
12378862 21 0 1 0
12379071 14 0 1 0
12385915 18 0 1 1
12386124 21 0 1 1
12386333 14 0 1 1
12392656 15 0 1 0
12393910 8 0 1 0
12394328 19 0 1 0
12398299 17 0 1 0
12399918 15 0 1 1
12401172 8 0 1 1
12401590 19 0 1 1
12405352 17 0 1 1
12410630 9 0 1 0
12411675 20 0 1 0
12412511 11 0 1 0
12412720 13 0 1 0
12418101 9 0 1 1
12418728 20 0 1 1
12419564 13 0 1 1
12419564 11 0 1 1
12429649 10 0 1 0
12429858 12 0 1 0
12436702 10 0 1 1
12436911 12 0 1 1
12466015 16 0 1 0
12473068 16 0 1 1
12481063 18 0 1 0
12481272 21 0 1 0
12481481 14 0 1 0
12488325 18 0 1 1
12488534 14 0 1 1
12488534 21 0 1 1
12495066 15 0 1 0
12496320 8 0 1 0
12496738 19 0 1 0
12497783 17 0 1 0
12502328 15 0 1 1
12503582 8 0 1 1
12504000 19 0 1 1
12504627 17 0 1 1
12511995 11 0 1 0
12512204 13 0 1 0
12513040 9 0 1 0
12514085 20 0 1 0
12519257 11 0 1 1
12519466 13 0 1 1
12520093 9 0 1 1
12521138 20 0 1 1
12529133 10 0 1 0
12529342 12 0 1 0
12536186 10 0 1 1
12536395 12 0 1 1
12565499 16 0 1 0
12572552 16 0 1 1
12580965 14 0 1 0
12583473 18 0 1 0
12583682 21 0 1 0
12588227 14 0 1 1
12590526 18 0 1 1
12590735 21 0 1 1
12597267 17 0 1 0
12597476 15 0 1 0
12598730 8 0 1 0
12599148 19 0 1 0
12604529 15 0 1 1
12604529 17 0 1 1
12605992 8 0 1 1
12606201 19 0 1 1
12613569 20 0 1 0
12614405 11 0 1 0
12614614 13 0 1 0
12615450 9 0 1 0
12621040 20 0 1 1
12621458 11 0 1 1
12621876 13 0 1 1
12622503 9 0 1 1
12628617 10 0 1 0
12628826 12 0 1 0
12635670 10 0 1 1
12635879 12 0 1 1
12664983 16 0 1 0
12668954 8 0 1 0
12672245 16 0 1 1
12680240 21 0 1 0
12680449 14 0 1 0
12680867 20 0 1 0
12682957 18 0 1 0
12687293 21 0 1 1
12687455 8 0 1 1
12687502 14 0 1 1
12690219 18 0 1 1
12695706 19 0 1 0
12696751 17 0 1 0
12696960 15 0 1 0
12701140 8 0 1 0
12702294 20 0 1 1
12702968 19 0 1 1
12703804 17 0 1 1
12704013 15 0 1 1
12713889 11 0 1 0
12714098 13 0 1 0
12714934 9 0 1 0
12718905 20 0 1 0
12721151 13 0 1 1
12721151 11 0 1 1
12722196 9 0 1 1
12728101 10 0 1 0
12728310 12 0 1 0
12728628 20 0 1 1
12735154 10 0 1 1
12735363 12 0 1 1
12736988 8 0 1 1
12745239 20 0 1 0
12750882 8 0 1 0
12759242 21 0 1 0
12764467 16 0 1 0
12770737 18 0 1 0
12771520 16 0 1 1
12777790 18 0 1 1
12779933 14 0 1 0
12786412 19 0 1 0
12787195 14 0 1 1
12791219 18 0 1 0
12793936 9 0 1 0
12796235 17 0 1 0
12796444 15 0 1 0
12803497 17 0 1 1
12803706 15 0 1 1
12807521 11 0 1 0
12810656 13 0 1 0
12812437 9 0 1 1
12814783 11 0 1 1
12817918 13 0 1 1
12818498 18 0 1 1
12821733 10 0 1 0
12821942 12 0 1 0
12826122 9 0 1 0
12828003 11 0 1 0
12829204 10 0 1 1
12829413 12 0 1 1
12832183 18 0 1 0
12852356 11 0 1 1
12855173 16 0 1 0
12862853 16 0 1 1
12868967 11 0 1 0
12870639 14 0 1 0
12878528 14 0 1 1
12886941 17 0 1 0
12887150 15 0 1 0
12892584 13 0 1 0
12894883 10 0 1 0
12895039 17 0 1 1
12895248 15 0 1 1
12907532 10 0 1 1
12912648 12 0 1 0
12914011 13 0 1 1
12918291 10 0 1 0
12927696 13 0 1 0
12945879 16 0 1 0
12955440 16 0 1 1
12961345 14 0 1 0
12971115 14 0 1 1
12977647 17 0 1 0
12977856 15 0 1 0
12987626 17 0 1 1
12987835 15 0 1 1
13028643 14 0 1 0
13036585 16 0 1 0
13071279 17 0 1 0
13071488 15 0 1 0
22115595 21 0 1 1
22115625 8 0 1 1
22115790 19 0 1 1
22117268 9 0 1 1
22117294 10 0 1 1
22117512 13 0 1 1
22117627 20 0 1 1
22118139 12 0 1 1
22118532 11 0 1 1
22119393 16 0 1 1
22119393 17 0 1 1
22119602 18 0 1 1
22120229 15 0 1 1
22121523 14 0 1 1
22184467 21 0 1 0
22185512 8 0 1 0
22186766 19 0 1 0
22191729 21 0 1 1
22192774 8 0 1 1
22193819 19 0 1 1
22198679 11 0 1 0
22203695 9 0 1 0
22203904 10 0 1 0
22206150 11 0 1 1
22208293 13 0 1 0
22208711 20 0 1 0
22210748 9 0 1 1
22210957 10 0 1 1
22215346 13 0 1 1
22215764 20 0 1 1
22219161 12 0 1 0
22226423 12 0 1 1
22237762 16 0 1 0
22237971 17 0 1 0
22244032 18 0 1 0
22245024 16 0 1 1
22245233 17 0 1 1
22251294 18 0 1 1
22255109 15 0 1 0
22262580 15 0 1 1
22273919 14 0 1 0
22281390 14 0 1 1
22286041 19 0 1 0
22286250 21 0 1 0
22287086 8 0 1 0
22293094 19 0 1 1
22293303 21 0 1 1
22294139 8 0 1 1
22306941 9 0 1 0
22307359 10 0 1 0
22308822 13 0 1 0
22309240 20 0 1 0
22314203 9 0 1 1
22314621 10 0 1 1
22315875 13 0 1 1
22316293 20 0 1 1
22323243 12 0 1 0
22327632 11 0 1 0
22330505 12 0 1 1
22334685 11 0 1 1
22340172 16 0 1 0
22340381 17 0 1 0
22340590 18 0 1 0
22347434 16 0 1 1
22347643 18 0 1 1
22347643 17 0 1 1
22354593 15 0 1 0
22361646 15 0 1 1
22373403 14 0 1 0
22380665 14 0 1 1
22385525 19 0 1 0
22385734 21 0 1 0
22386570 8 0 1 0
22392787 19 0 1 1
22392996 21 0 1 1
22393623 8 0 1 1
22408306 13 0 1 0
22408724 20 0 1 0
22409351 9 0 1 0
22409769 10 0 1 0
22415568 13 0 1 1
22415777 20 0 1 1
22416613 9 0 1 1
22416822 10 0 1 1
22425653 12 0 1 0
22430042 11 0 1 0
22432915 12 0 1 1
22437304 11 0 1 1
22442582 16 0 1 0
22442791 17 0 1 0
22443000 18 0 1 0
22449844 16 0 1 1
22450053 17 0 1 1
22450262 18 0 1 1
22454077 15 0 1 0
22461130 15 0 1 1
22475813 14 0 1 0
22483075 14 0 1 1
22486054 8 0 1 0
22487935 19 0 1 0
22488144 21 0 1 0
22493316 8 0 1 1
22494988 19 0 1 1
22495197 21 0 1 1
22508835 9 0 1 0
22509253 10 0 1 0
22510716 13 0 1 0
22511134 20 0 1 0
22516097 9 0 1 1
22516515 10 0 1 1
22517769 13 0 1 1
22518187 20 0 1 1
22528063 12 0 1 0
22532452 11 0 1 0
22535325 12 0 1 1
22539714 11 0 1 1
22544992 16 0 1 0
22545201 17 0 1 0
22545410 18 0 1 0
22550635 15 0 1 0
22552254 16 0 1 1
22552463 17 0 1 1
22552672 18 0 1 1
22557479 15 0 1 1
22578223 14 0 1 0
22585485 14 0 1 1
22587419 19 0 1 0
22587628 21 0 1 0
22588464 8 0 1 0
22594681 19 0 1 1
22594890 21 0 1 1
22595517 8 0 1 1
22610618 20 0 1 0
22611245 9 0 1 0
22611663 10 0 1 0
22613126 13 0 1 0
22617880 20 0 1 1
22618298 9 0 1 1
22618925 10 0 1 1
22620179 13 0 1 1
22630473 12 0 1 0
22634862 11 0 1 0
22637735 12 0 1 1
22642124 11 0 1 1
22647193 15 0 1 0
22647402 16 0 1 0
22647611 17 0 1 0
22647820 18 0 1 0
22654246 15 0 1 1
22654664 17 0 1 1
22654664 16 0 1 1
22654873 18 0 1 1
22680633 14 0 1 0
22685022 8 0 1 0
22686903 19 0 1 0
22687112 21 0 1 0
22687895 14 0 1 1
22692075 8 0 1 1
22693747 19 0 1 1
22693956 21 0 1 1
22710729 9 0 1 0
22711147 10 0 1 0
22712610 13 0 1 0
22713028 20 0 1 0
22717991 9 0 1 1
22718200 10 0 1 1
22719872 13 0 1 1
22720081 20 0 1 1
22732883 12 0 1 0
22737272 11 0 1 0
22737690 8 0 1 0
22740145 12 0 1 1
22742706 21 0 1 0
22744169 17 0 1 0
22744378 18 0 1 0
22744534 11 0 1 1
22746677 15 0 1 0
22746886 16 0 1 0
22748349 19 0 1 0
22751222 17 0 1 1
22751431 18 0 1 1
22753730 16 0 1 1
22753730 15 0 1 1
22755146 21 0 1 1
22755982 8 0 1 1
22766950 8 0 1 0
22769040 21 0 1 0
22780117 14 0 1 0
22787588 14 0 1 1
22804361 9 0 1 0
22804779 10 0 1 0
22806242 13 0 1 0
22806660 20 0 1 0
22811623 9 0 1 1
22812250 10 0 1 1
22813504 13 0 1 1
22814131 20 0 1 1
22823589 12 0 1 0
22827978 11 0 1 0
22830851 12 0 1 1
22835240 11 0 1 1
22837592 16 0 1 0
22837801 17 0 1 0
22838010 18 0 1 0
22840309 15 0 1 0
22845063 16 0 1 1
22845272 17 0 1 1
22845481 18 0 1 1
22847571 15 0 1 1
22850550 20 0 1 0
22858910 13 0 1 0
22871977 20 0 1 1
22873331 12 0 1 0
22873749 14 0 1 0
22877411 13 0 1 1
22881011 14 0 1 1
22882845 12 0 1 1
22888588 20 0 1 0
22889633 10 0 1 0
22891096 13 0 1 0
22892350 11 0 1 0
22893813 12 0 1 0
22897993 9 0 1 0
22905255 9 0 1 1
22907925 11 0 1 1
22918475 9 0 1 0
22921610 11 0 1 0
22931015 15 0 1 0
22931224 16 0 1 0
22931433 17 0 1 0
22931642 18 0 1 0
22938904 15 0 1 1
22939113 16 0 1 1
22939322 17 0 1 1
22939531 18 0 1 1
22964455 14 0 1 0
22969262 16 0 1 0
22973807 14 0 1 1
23021721 15 0 1 0
23022139 17 0 1 0
23022348 18 0 1 0
23025901 14 0 1 0
23032118 15 0 1 1
23032745 18 0 1 1
23051608 18 0 1 0
23059759 15 0 1 0
32115401 21 0 1 1
32116023 20 0 1 1
32116650 8 0 1 1
32117274 10 0 1 1
32117305 13 0 1 1
32117499 12 0 1 1
32117695 11 0 1 1
32118113 19 0 1 1
32119392 16 0 1 1
32119576 9 0 1 1
32119601 17 0 1 1
32119601 18 0 1 1
32120437 15 0 1 1
32121522 14 0 1 1
32173807 8 0 1 0
32179032 20 0 1 0
32181278 8 0 1 1
32186085 20 0 1 1
32189691 21 0 1 0
32191572 19 0 1 0
32196953 21 0 1 1
32198625 19 0 1 1
32207456 10 0 1 0
32208919 13 0 1 0
32210173 12 0 1 0
32214144 11 0 1 0
32214927 10 0 1 1
32216390 13 0 1 1
32217435 12 0 1 1
32221406 11 0 1 1
32236716 16 0 1 0
32238179 9 0 1 0
32239642 17 0 1 0
32242777 18 0 1 0
32244187 16 0 1 1
32245441 9 0 1 1
32246904 17 0 1 1
32250039 18 0 1 1
32253645 15 0 1 0
32260907 15 0 1 1
32271201 14 0 1 0
32278672 14 0 1 1
32284368 21 0 1 0
32286249 20 0 1 0
32291630 21 0 1 1
32293302 20 0 1 1
32301088 8 0 1 0
32306522 10 0 1 0
32307985 12 0 1 0
32308559 8 0 1 1
32309030 13 0 1 0
32310493 11 0 1 0
32313210 19 0 1 0
32313784 10 0 1 1
32315247 12 0 1 1
32316083 13 0 1 1
32317546 11 0 1 1
32320263 19 0 1 1
32337872 17 0 1 0
32338081 18 0 1 0
32339335 9 0 1 0
32340589 16 0 1 0
32344925 17 0 1 1
32345134 18 0 1 1
32346597 9 0 1 1
32347642 16 0 1 1
32352084 15 0 1 0
32359137 15 0 1 1
32370685 14 0 1 0
32377738 14 0 1 1
32383852 21 0 1 0
32385733 20 0 1 0
32391114 21 0 1 1
32392786 20 0 1 1
32406424 8 0 1 0
32408514 13 0 1 0
32408932 10 0 1 0
32409977 11 0 1 0
32410395 12 0 1 0
32412694 19 0 1 0
32413895 8 0 1 1
32415567 13 0 1 1
32415985 10 0 1 1
32417030 11 0 1 1
32417448 12 0 1 1
32419538 19 0 1 1
32437565 18 0 1 0
32438819 9 0 1 0
32440073 16 0 1 0
32440282 17 0 1 0
32444827 18 0 1 1
32445872 9 0 1 1
32447126 16 0 1 1
32447335 17 0 1 1
32451568 15 0 1 0
32458621 15 0 1 1
32470169 14 0 1 0
32477222 14 0 1 1
32485217 20 0 1 0
32486262 21 0 1 0
32492479 20 0 1 1
32493315 21 0 1 1
32507998 13 0 1 0
32508416 10 0 1 0
32508834 8 0 1 0
32509252 19 0 1 0
32509461 11 0 1 0
32509879 12 0 1 0
32515260 13 0 1 1
32515678 10 0 1 1
32515887 8 0 1 1
32516305 19 0 1 1
32516514 11 0 1 1
32516723 12 0 1 1
32538303 9 0 1 0
32539557 16 0 1 0
32539766 17 0 1 0
32539975 18 0 1 0
32545565 9 0 1 1
32546819 16 0 1 1
32547028 18 0 1 1
32547028 17 0 1 1
32551052 15 0 1 0
32558105 15 0 1 1
32569653 14 0 1 0
32576706 14 0 1 1
32585746 21 0 1 0
32587627 20 0 1 0
32593008 21 0 1 1
32594680 20 0 1 1
32608318 8 0 1 0
32608736 19 0 1 0
32608945 11 0 1 0
32609363 12 0 1 0
32610408 13 0 1 0
32610826 10 0 1 0
32615580 8 0 1 1
32615789 19 0 1 1
32615998 11 0 1 1
32616625 12 0 1 1
32617461 13 0 1 1
32617670 10 0 1 1
32639459 18 0 1 0
32640713 9 0 1 0
32641967 16 0 1 0
32642176 17 0 1 0
32646721 18 0 1 1
32647610 15 0 1 0
32647975 9 0 1 1
32649229 16 0 1 1
32649438 17 0 1 1
32654454 15 0 1 1
32669137 14 0 1 0
32676190 14 0 1 1
32685230 21 0 1 0
32687111 20 0 1 0
32692492 21 0 1 1
32694164 20 0 1 1
32708220 19 0 1 0
32708429 11 0 1 0
32708847 12 0 1 0
32709892 13 0 1 0
32710310 10 0 1 0
32710728 8 0 1 0
32711564 21 0 1 0
32715482 19 0 1 1
32715691 11 0 1 1
32716109 12 0 1 1
32716945 13 0 1 1
32717572 10 0 1 1
32717781 8 0 1 1
32718199 21 0 1 1
32740824 21 0 1 0
32741451 16 0 1 0
32741660 17 0 1 0
32741869 18 0 1 0
32743123 9 0 1 0
32744168 15 0 1 0
32748713 17 0 1 1
32748713 16 0 1 1
32748922 18 0 1 1
32750176 9 0 1 1
32751221 15 0 1 1
32763187 20 0 1 0
32768621 14 0 1 0
32775883 14 0 1 1
32786804 8 0 1 0
32801852 19 0 1 0
32804987 11 0 1 0
32805405 12 0 1 0
32806450 13 0 1 0
32806868 10 0 1 0
32809323 19 0 1 1
32812249 11 0 1 1
32812458 12 0 1 1
32813712 13 0 1 1
32813921 10 0 1 1
32831112 19 0 1 0
32832575 18 0 1 0
32835083 16 0 1 0
32835292 17 0 1 0
32836755 9 0 1 0
32837800 15 0 1 0
32839837 18 0 1 1
32842345 16 0 1 1
32842763 17 0 1 1
32844017 9 0 1 1
32844853 15 0 1 1
32846687 19 0 1 1
32859536 10 0 1 0
32862253 14 0 1 0
32863298 19 0 1 0
32867007 10 0 1 1
32869724 14 0 1 1
32882526 13 0 1 0
32884407 12 0 1 0
32885870 10 0 1 0
32894966 13 0 1 1
32898619 11 0 1 0
32905881 11 0 1 1
32906979 9 0 1 0
32908860 13 0 1 0
32922027 11 0 1 0
32923281 18 0 1 0
32928506 15 0 1 0
32928715 16 0 1 0
32928924 17 0 1 0
32930961 18 0 1 1
32936395 16 0 1 1
32936395 15 0 1 1
32936604 17 0 1 1
32936975 9 0 1 1
32950869 9 0 1 0
32952959 14 0 1 0
32961475 14 0 1 1
33013987 18 0 1 0
33019212 15 0 1 0
33019421 16 0 1 0
33019630 17 0 1 0
33032279 17 0 1 1
33037813 14 0 1 0
33048890 17 0 1 0
42114878 19 0 1 1
42114878 21 0 1 1
42114942 8 0 1 1
42115886 11 0 1 1
42115900 10 0 1 1
42116663 13 0 1 1
42117097 9 0 1 1
42118222 14 0 1 1
42118471 17 0 1 1
42118471 18 0 1 1
42118950 12 0 1 1
42119307 16 0 1 1
42119368 20 0 1 1
42121536 15 0 1 1
42188647 19 0 1 0
42189065 21 0 1 0
42190110 8 0 1 0
42196118 19 0 1 1
42196536 21 0 1 1
42197372 8 0 1 1
42198052 11 0 1 0
42198470 10 0 1 0
42205105 11 0 1 1
42205523 10 0 1 1
42208502 13 0 1 0
42214145 9 0 1 0
42214563 12 0 1 0
42215555 13 0 1 1
42221198 9 0 1 1
42222034 12 0 1 1
42231283 14 0 1 0
42234418 17 0 1 0
42237344 18 0 1 0
42237971 20 0 1 0
42238336 14 0 1 1
42241471 17 0 1 1
42244397 18 0 1 1
42245233 20 0 1 1
42250302 16 0 1 0
42257564 16 0 1 1
42285623 15 0 1 0
42286459 21 0 1 0
42287295 8 0 1 0
42288967 19 0 1 0
42291266 11 0 1 0
42291684 10 0 1 0
42293512 21 0 1 1
42293512 15 0 1 1
42294557 8 0 1 1
42296229 19 0 1 1
42298110 11 0 1 1
42298319 10 0 1 1
42308404 13 0 1 0
42314465 9 0 1 0
42315666 13 0 1 1
42321727 9 0 1 1
42330140 14 0 1 0
42330767 17 0 1 0
42330976 18 0 1 0
42337402 14 0 1 1
42337820 17 0 1 1
42338029 18 0 1 1
42346024 12 0 1 0
42346233 20 0 1 0
42348114 16 0 1 0
42353286 20 0 1 1
42353286 12 0 1 1
42355376 16 0 1 1
42385943 21 0 1 0
42386779 8 0 1 0
42388033 15 0 1 0
42388242 10 0 1 0
42388451 19 0 1 0
42390750 11 0 1 0
42393205 21 0 1 1
42394041 8 0 1 1
42395295 10 0 1 1
42395295 15 0 1 1
42395504 19 0 1 1
42397594 11 0 1 1
42410814 13 0 1 0
42416875 9 0 1 0
42418076 13 0 1 1
42423928 9 0 1 1
42432550 14 0 1 0
42433177 17 0 1 0
42433386 18 0 1 0
42439812 14 0 1 1
42440439 18 0 1 1
42440439 17 0 1 1
42448434 12 0 1 0
42448643 20 0 1 0
42450524 16 0 1 0
42455696 12 0 1 1
42455905 20 0 1 1
42457577 16 0 1 1
42487308 11 0 1 0
42487517 15 0 1 0
42487726 10 0 1 0
42487935 19 0 1 0
42488353 21 0 1 0
42489189 8 0 1 0
42494570 15 0 1 1
42494570 11 0 1 1
42494779 10 0 1 1
42494988 19 0 1 1
42495406 21 0 1 1
42496033 8 0 1 1
42513224 13 0 1 0
42516359 9 0 1 0
42520486 13 0 1 1
42523412 9 0 1 1
42532870 18 0 1 0
42534960 14 0 1 0
42535587 17 0 1 0
42540132 18 0 1 1
42542222 14 0 1 1
42542640 17 0 1 1
42550008 16 0 1 0
42550844 12 0 1 0
42551053 20 0 1 0
42557270 16 0 1 1
42557897 12 0 1 1
42558106 20 0 1 1
42587001 15 0 1 0
42587210 10 0 1 0
42587419 19 0 1 0
42587837 21 0 1 0
42588673 8 0 1 0
42589718 11 0 1 0
42594263 10 0 1 1
42594263 15 0 1 1
42594472 19 0 1 1
42594890 21 0 1 1
42595935 8 0 1 1
42596562 11 0 1 1
42615634 13 0 1 0
42615843 9 0 1 0
42622896 9 0 1 1
42622896 13 0 1 1
42635071 17 0 1 0
42635280 18 0 1 0
42637370 14 0 1 0
42642333 17 0 1 1
42642542 18 0 1 1
42644632 14 0 1 1
42650328 12 0 1 0
42650537 20 0 1 0
42652418 16 0 1 0
42657590 12 0 1 1
42657799 20 0 1 1
42659471 16 0 1 1
42686694 10 0 1 0
42686903 19 0 1 0
42687321 21 0 1 0
42688157 8 0 1 0
42689202 11 0 1 0
42689411 15 0 1 0
42693956 10 0 1 1
42694165 19 0 1 1
42694374 21 0 1 1
42695210 8 0 1 1
42696255 15 0 1 1
42696255 11 0 1 1
42715327 9 0 1 0
42718044 13 0 1 0
42722589 9 0 1 1
42725097 13 0 1 1
42737481 17 0 1 0
42737690 18 0 1 0
42739780 14 0 1 0
42743751 8 0 1 0
42744743 17 0 1 1
42744952 18 0 1 1
42745423 19 0 1 0
42747042 14 0 1 1
42748767 21 0 1 0
42748976 16 0 1 0
42749812 12 0 1 0
42750021 20 0 1 0
42756029 16 0 1 1
42756865 20 0 1 1
42756865 12 0 1 1
42758490 21 0 1 1
42775101 21 0 1 0
42785760 11 0 1 0
42785969 15 0 1 0
42786178 10 0 1 0
42793231 10 0 1 1
42793231 15 0 1 1
42793231 11 0 1 1
42808750 13 0 1 0
42808959 9 0 1 0
42816012 13 0 1 1
42816221 9 0 1 1
42828187 17 0 1 0
42828396 18 0 1 0
42830486 14 0 1 0
42835449 17 0 1 1
42835658 18 0 1 1
42837748 14 0 1 1
42839682 16 0 1 0
42840727 20 0 1 0
42843444 12 0 1 0
42846944 16 0 1 1
42848198 20 0 1 1
42850915 12 0 1 1
42873958 10 0 1 0
42876466 11 0 1 0
42876675 15 0 1 0
42878765 20 0 1 0
42878974 13 0 1 0
42883937 11 0 1 1
42884146 15 0 1 1
42886027 13 0 1 1
42886607 10 0 1 1
42890887 9 0 1 0
42891414 20 0 1 1
42900292 10 0 1 0
42902173 20 0 1 0
42902382 13 0 1 0
42902800 11 0 1 0
42921192 14 0 1 0
42921819 17 0 1 0
42922028 18 0 1 0
42928298 12 0 1 0
42928663 14 0 1 1
42929499 17 0 1 1
42929708 18 0 1 1
42930388 16 0 1 0
42937859 16 0 1 1
42938230 20 0 1 1
42949725 12 0 1 1
42951915 20 0 1 0
42963410 12 0 1 0
42970307 15 0 1 0
42979659 15 0 1 1
43011271 15 0 1 0
43012525 17 0 1 0
43012734 18 0 1 0
43014824 14 0 1 0
43021094 16 0 1 0
43022713 17 0 1 1
43029563 15 0 1 1
43030190 14 0 1 1
43031073 16 0 1 1
43037087 18 0 1 1
43043457 15 0 1 0
43044084 14 0 1 0
43047637 17 0 1 0
43047846 18 0 1 0
43050354 16 0 1 0
52111535 18 0 1 1
52111535 19 0 1 1
52112889 20 0 1 1
52113307 21 0 1 1
52113378 11 0 1 1
52113378 12 0 1 1
52113587 13 0 1 1
52114234 10 0 1 1
52114795 9 0 1 1
52115057 15 0 1 1
52117069 8 0 1 1
52117512 14 0 1 1
52117552 16 0 1 1
52117804 17 0 1 1
52175271 21 0 1 0
52177152 20 0 1 0
52183160 21 0 1 1
52184414 20 0 1 1
52193036 19 0 1 0
52193454 18 0 1 0
52200298 19 0 1 1
52200716 18 0 1 1
52209965 11 0 1 0
52210174 12 0 1 0
52212473 13 0 1 0
52217436 11 0 1 1
52217645 12 0 1 1
52219526 13 0 1 1
52219788 10 0 1 0
52220624 8 0 1 0
52222296 15 0 1 0
52223759 9 0 1 0
52226841 10 0 1 1
52228304 8 0 1 1
52228931 15 0 1 1
52230394 9 0 1 1
52272665 14 0 1 0
52273083 16 0 1 0
52275173 20 0 1 0
52277054 17 0 1 0
52279980 18 0 1 0
52280189 19 0 1 0
52280554 14 0 1 1
52280972 16 0 1 1
52282226 20 0 1 1
52284734 17 0 1 1
52286824 18 0 1 1
52287033 19 0 1 1
52291684 21 0 1 0
52298946 21 0 1 1
52306732 13 0 1 0
52308822 11 0 1 0
52309031 12 0 1 0
52312166 10 0 1 0
52313420 9 0 1 0
52314203 13 0 1 1
52314465 15 0 1 0
52316084 11 0 1 1
52316293 12 0 1 1
52319219 10 0 1 1
52320473 9 0 1 1
52321100 15 0 1 1
52361490 8 0 1 0
52367551 14 0 1 0
52367969 16 0 1 0
52368752 8 0 1 1
52372149 17 0 1 0
52372358 18 0 1 0
52372567 19 0 1 0
52374604 14 0 1 1
52375022 16 0 1 1
52379202 18 0 1 1
52379202 17 0 1 1
52379411 19 0 1 1
52396393 20 0 1 0
52403655 20 0 1 1
52406425 12 0 1 0
52406634 13 0 1 0
52409142 11 0 1 0
52409769 15 0 1 0
52409978 10 0 1 0
52410814 21 0 1 0
52411650 9 0 1 0
52413687 12 0 1 1
52413896 13 0 1 1
52416404 11 0 1 1
52416822 15 0 1 1
52417031 10 0 1 1
52417867 21 0 1 1
52418494 9 0 1 1
52463900 8 0 1 0
52467035 14 0 1 0
52467453 16 0 1 0
52468707 17 0 1 0
52468916 18 0 1 0
52469125 19 0 1 0
52471371 8 0 1 1
52474088 14 0 1 1
52474506 16 0 1 1
52475760 18 0 1 1
52475760 17 0 1 1
52475969 19 0 1 1
52498803 20 0 1 0
52506065 20 0 1 1
52508208 9 0 1 0
52508626 11 0 1 0
52508835 12 0 1 0
52509044 13 0 1 0
52509253 15 0 1 0
52509462 10 0 1 0
52510298 21 0 1 0
52515470 9 0 1 1
52515679 11 0 1 1
52515888 12 0 1 1
52516097 13 0 1 1
52516306 15 0 1 1
52516515 10 0 1 1
52517142 21 0 1 1
52566310 8 0 1 0
52566519 14 0 1 0
52566937 16 0 1 0
52568191 17 0 1 0
52568400 18 0 1 0
52568609 19 0 1 0
52573572 8 0 1 1
52573781 14 0 1 1
52573990 16 0 1 1
52575244 17 0 1 1
52575453 18 0 1 1
52575662 19 0 1 1
52601213 20 0 1 0
52606856 21 0 1 0
52608110 11 0 1 0
52608319 12 0 1 0
52608528 13 0 1 0
52608684 20 0 1 1
52608737 15 0 1 0
52608946 10 0 1 0
52610618 9 0 1 0
52614118 21 0 1 1
52615163 11 0 1 1
52615372 12 0 1 1
52615581 13 0 1 1
52615790 10 0 1 1
52615790 15 0 1 1
52617462 9 0 1 1
52666421 16 0 1 0
52667675 17 0 1 0
52667884 18 0 1 0
52668093 19 0 1 0
52668720 8 0 1 0
52668929 14 0 1 0
52673683 16 0 1 1
52674728 17 0 1 1
52675146 18 0 1 1
52675355 19 0 1 1
52675564 8 0 1 1
52675773 14 0 1 1
52705504 10 0 1 0
52706549 20 0 1 0
52707176 9 0 1 0
52707594 11 0 1 0
52707803 12 0 1 0
52708012 13 0 1 0
52708221 15 0 1 0
52709266 21 0 1 0
52712975 10 0 1 1
52714020 20 0 1 1
52714438 9 0 1 1
52714647 11 0 1 1
52714856 12 0 1 1
52715065 13 0 1 1
52715274 15 0 1 1
52716110 21 0 1 1
52743960 18 0 1 0
52751013 18 0 1 1
52767159 17 0 1 0
52767368 18 0 1 0
52767577 19 0 1 0
52768204 8 0 1 0
52768413 14 0 1 0
52768831 16 0 1 0
52774421 17 0 1 1
52775466 8 0 1 1
52775675 14 0 1 1
52775884 16 0 1 1
52783152 19 0 1 1
52793911 19 0 1 0
52803107 20 0 1 0
52804152 11 0 1 0
52804361 12 0 1 0
52804570 13 0 1 0
52804779 15 0 1 0
52805824 21 0 1 0
52806660 9 0 1 0
52807914 10 0 1 0
52811414 11 0 1 1
52811623 12 0 1 1
52811832 13 0 1 1
52812041 15 0 1 1
52812621 20 0 1 1
52813086 21 0 1 1
52813713 9 0 1 1
52814967 10 0 1 1
52832367 20 0 1 0
52835084 21 0 1 0
52860791 17 0 1 0
52861836 8 0 1 0
52862045 14 0 1 0
52862463 16 0 1 0
52868262 17 0 1 1
52869307 8 0 1 1
52869516 14 0 1 1
52869934 16 0 1 1
52882736 9 0 1 0
52889215 12 0 1 0
52892768 10 0 1 0
52897784 11 0 1 0
52898202 13 0 1 0
52898311 9 0 1 1
52898411 15 0 1 0
52902800 8 0 1 0
52905255 11 0 1 1
52905464 13 0 1 1
52905673 15 0 1 1
52907507 12 0 1 1
52909644 8 0 1 1
52914922 9 0 1 0
52920356 8 0 1 0
52921401 12 0 1 0
52924118 11 0 1 0
52924745 15 0 1 0
52930388 13 0 1 0
52953169 16 0 1 0
52954423 17 0 1 0
52955677 14 0 1 0
52961685 16 0 1 1
52962730 17 0 1 1
52964193 14 0 1 1
52985355 16 0 1 0
53043457 14 0 1 0
53045129 17 0 1 0
