# Ingress Queue Monitor (for PFC analysis)
# Format: time: <timestamp_ns>
# switch_id port_id ingress_bytes egress_bytes hdrm_bytes paused
time: 0
time: 1000
time: 2000
time: 3000
6 1 9432 0 0 0
6 2 9432 0 0 0
6 3 10480 0 0 0
6 4 10480 0 0 0
6 5 10480 0 0 0
6 6 0 50304 0 0
time: 4000
6 1 19912 0 0 0
6 2 19912 0 0 0
6 3 19912 0 0 0
6 4 19912 0 0 0
6 5 20960 0 0 0
6 6 0 100608 0 0
time: 5000
6 1 29344 0 0 0
6 2 30392 0 0 0
6 3 30392 0 0 0
6 4 30392 0 0 0
6 5 30392 0 0 0
6 6 0 150912 0 0
time: 6000
6 1 39824 0 0 0
6 2 39824 0 0 0
6 3 39824 0 0 0
6 4 40872 0 0 0
6 5 40872 0 0 0
6 6 0 201216 0 0
time: 7000
6 1 46112 0 4192 1
6 2 46112 0 4192 1
6 3 46112 0 4192 1
6 4 46112 0 4192 1
6 5 46112 0 4192 1
6 6 0 251520 0 0
time: 8000
6 1 46112 0 13624 1
6 2 46112 0 13624 1
6 3 46112 0 14672 1
6 4 46112 0 14672 1
6 5 46112 0 14672 1
6 6 0 301824 0 0
time: 9000
6 1 46112 0 24104 1
6 2 46112 0 24104 1
6 3 46112 0 24104 1
6 4 46112 0 24104 1
6 5 46112 0 25152 1
6 6 0 352128 0 0
time: 10000
6 1 46112 0 33536 1
6 2 46112 0 34584 1
6 3 46112 0 34584 1
6 4 46112 0 34584 1
6 5 46112 0 34584 1
6 6 0 402432 0 0
time: 11000
6 1 46112 0 40872 1
6 2 46112 0 40872 1
6 3 46112 0 40872 1
6 4 46112 0 41920 1
6 5 46112 0 40872 1
6 6 0 435968 0 0
time: 12000
6 1 46112 0 38776 1
6 2 46112 0 38776 1
6 3 46112 0 38776 1
6 4 46112 0 38776 1
6 5 46112 0 37728 1
6 6 0 423392 0 0
time: 13000
6 1 46112 0 35632 1
6 2 46112 0 35632 1
6 3 46112 0 36680 1
6 4 46112 0 36680 1
6 5 46112 0 35632 1
6 6 0 410816 0 0
time: 14000
6 1 46112 0 33536 1
6 2 46112 0 33536 1
6 3 46112 0 33536 1
6 4 46112 0 33536 1
6 5 46112 0 33536 1
6 6 0 398240 0 0
time: 15000
6 1 46112 0 30392 1
6 2 46112 0 31440 1
6 3 46112 0 31440 1
6 4 46112 0 31440 1
6 5 46112 0 30392 1
6 6 0 385664 0 0
time: 16000
6 1 46112 0 28296 1
6 2 46112 0 28296 1
6 3 46112 0 28296 1
6 4 46112 0 29344 1
6 5 46112 0 28296 1
6 6 0 373088 0 0
time: 17000
6 1 46112 0 26200 1
6 2 46112 0 26200 1
6 3 46112 0 26200 1
6 4 46112 0 26200 1
6 5 46112 0 25152 1
6 6 0 360512 0 0
time: 18000
6 1 46112 0 23056 1
6 2 46112 0 23056 1
6 3 46112 0 24104 1
6 4 46112 0 24104 1
6 5 46112 0 23056 1
6 6 0 347936 0 0
time: 19000
6 1 46112 0 20960 1
6 2 46112 0 20960 1
6 3 46112 0 20960 1
6 4 46112 0 20960 1
6 5 46112 0 20960 1
6 6 0 335360 0 0
time: 20000
6 1 46112 0 17816 1
6 2 46112 0 18864 1
6 3 46112 0 18864 1
6 4 46112 0 18864 1
6 5 46112 0 17816 1
6 6 0 322784 0 0
time: 21000
6 1 46112 0 15720 1
6 2 46112 0 15720 1
6 3 46112 0 15720 1
6 4 46112 0 16768 1
6 5 46112 0 15720 1
6 6 0 310208 0 0
time: 22000
6 1 46112 0 13624 1
6 2 46112 0 13624 1
6 3 46112 0 13624 1
6 4 46112 0 13624 1
6 5 46112 0 12576 1
6 6 0 297632 0 0
time: 23000
6 1 46112 0 10480 1
6 2 46112 0 10480 1
6 3 46112 0 10480 1
6 4 46112 0 11528 1
6 5 46112 0 10480 1
6 6 0 284008 0 0
time: 24000
6 1 46112 0 8384 1
6 2 46112 0 8384 1
6 3 46112 0 8384 1
6 4 46112 0 8384 1
6 5 46112 0 7336 1
6 6 0 271432 0 0
time: 25000
6 1 46112 0 5240 1
6 2 46112 0 5240 1
6 3 46112 0 6288 1
6 4 46112 0 6288 1
6 5 46112 0 5240 1
6 6 0 258856 0 0
time: 26000
6 1 46112 0 3144 1
6 2 46112 0 3144 1
6 3 46112 0 3144 1
6 4 46112 0 3144 1
6 5 46112 0 3144 1
6 6 0 246280 0 0
time: 27000
6 1 46112 0 0 1
6 2 46112 0 1048 1
6 3 46112 0 1048 1
6 4 46112 0 1048 1
6 5 46112 0 0 1
6 6 0 233704 0 0
time: 28000
6 1 44016 0 0 0
6 2 44016 0 0 0
6 3 44016 0 0 0
6 4 45064 0 0 1
6 5 44016 0 0 0
6 6 0 221128 0 0
time: 29000
6 1 41920 0 0 0
6 2 41920 0 0 0
6 3 41920 0 0 0
6 4 41920 0 0 0
6 5 40872 0 0 0
6 6 0 208552 0 0
time: 30000
6 1 38776 0 0 0
6 2 38776 0 0 0
6 3 39824 0 0 0
6 4 39824 0 0 0
6 5 38776 0 0 0
6 6 0 195976 0 0
time: 31000
6 1 36680 0 0 0
6 2 36680 0 0 0
6 3 36680 0 0 0
6 4 36680 0 0 0
6 5 36680 0 0 0
6 6 0 183400 0 0
time: 32000
6 1 35632 0 0 0
6 2 35632 0 0 0
6 3 34584 0 0 0
6 4 34584 0 0 0
6 5 36680 0 0 0
6 6 0 177112 0 0
time: 33000
6 1 46112 0 0 0
6 2 45064 0 0 0
6 3 44016 0 0 0
6 4 44016 0 0 0
6 5 47160 0 0 1
6 6 0 226368 0 0
time: 34000
6 1 46112 0 10480 1
6 2 46112 0 9432 1
6 3 46112 0 8384 1
6 4 46112 0 7336 1
6 5 47160 0 9432 1
6 6 0 276672 0 0
time: 35000
6 1 46112 0 19912 1
6 2 46112 0 18864 1
6 3 46112 0 18864 1
6 4 46112 0 17816 1
6 5 47160 0 19912 1
6 6 0 326976 0 0
time: 36000
6 1 46112 0 30392 1
6 2 46112 0 29344 1
6 3 46112 0 28296 1
6 4 46112 0 27248 1
6 5 47160 0 30392 1
6 6 0 377280 0 0
time: 37000
6 1 46112 0 39824 1
6 2 46112 0 39824 1
6 3 46112 0 38776 1
6 4 46112 0 37728 1
6 5 47160 0 39824 1
6 6 0 427584 0 0
time: 38000
6 1 46112 0 39824 1
6 2 46112 0 39824 1
6 3 46112 0 39824 1
6 4 46112 0 40872 1
6 5 47160 0 38776 1
6 6 0 430728 0 0
time: 39000
6 1 46112 0 37728 1
6 2 46112 0 37728 1
6 3 46112 0 37728 1
6 4 46112 0 37728 1
6 5 47160 0 35632 1
6 6 0 418152 0 0
time: 40000
6 1 46112 0 34584 1
6 2 46112 0 34584 1
6 3 46112 0 35632 1
6 4 46112 0 35632 1
6 5 47160 0 33536 1
6 6 0 405576 0 0
time: 41000
6 1 46112 0 32488 1
6 2 46112 0 32488 1
6 3 46112 0 32488 1
6 4 46112 0 32488 1
6 5 47160 0 31440 1
6 6 0 393000 0 0
time: 42000
6 1 46112 0 29344 1
6 2 46112 0 30392 1
6 3 46112 0 30392 1
6 4 46112 0 30392 1
6 5 47160 0 28296 1
6 6 0 380424 0 0
time: 43000
6 1 46112 0 27248 1
6 2 46112 0 27248 1
6 3 46112 0 27248 1
6 4 46112 0 28296 1
6 5 47160 0 26200 1
6 6 0 367848 0 0
time: 44000
6 1 46112 0 24104 1
6 2 46112 0 25152 1
6 3 46112 0 25152 1
6 4 46112 0 25152 1
6 5 47160 0 23056 1
6 6 0 354224 0 0
time: 45000
6 1 46112 0 22008 1
6 2 46112 0 22008 1
6 3 46112 0 22008 1
6 4 46112 0 23056 1
6 5 47160 0 20960 1
6 6 0 341648 0 0
time: 46000
6 1 46112 0 18864 1
6 2 46112 0 19912 1
6 3 46112 0 20960 1
6 4 46112 0 20960 1
6 5 47160 0 16768 1
6 6 0 329072 0 0
time: 47000
6 1 46112 0 16768 1
6 2 46112 0 16768 1
6 3 46112 0 17816 1
6 4 46112 0 18864 1
6 5 47160 0 14672 1
6 6 0 316496 0 0
time: 48000
6 1 46112 0 13624 1
6 2 46112 0 14672 1
6 3 46112 0 15720 1
6 4 46112 0 16768 1
6 5 47160 0 11528 1
6 6 0 303920 0 0
time: 49000
6 1 46112 0 11528 1
6 2 46112 0 12576 1
6 3 46112 0 12576 1
6 4 46112 0 13624 1
6 5 47160 0 9432 1
6 6 0 291344 0 0
time: 50000
6 1 46112 0 8384 1
6 2 46112 0 9432 1
6 3 46112 0 10480 1
6 4 46112 0 11528 1
6 5 47160 0 7336 1
6 6 0 278768 0 0
time: 51000
6 1 46112 0 6288 1
6 2 46112 0 7336 1
6 3 46112 0 8384 1
6 4 46112 0 8384 1
6 5 47160 0 4192 1
6 6 0 266192 0 0
time: 52000
6 1 46112 0 4192 1
6 2 46112 0 4192 1
6 3 46112 0 5240 1
6 4 46112 0 6288 1
6 5 47160 0 2096 1
6 6 0 253616 0 0
time: 53000
6 1 46112 0 1048 1
6 2 46112 0 2096 1
6 3 46112 0 3144 1
6 4 46112 0 4192 1
6 5 46112 0 0 1
6 6 0 241040 0 0
time: 54000
6 1 45064 0 0 1
6 2 46112 0 0 1
6 3 46112 0 0 1
6 4 46112 0 1048 1
6 5 44016 0 0 1
6 6 0 228464 0 0
time: 55000
6 1 41920 0 0 0
6 2 42968 0 0 0
6 3 44016 0 0 0
6 4 45064 0 0 1
6 5 41920 0 0 0
6 6 0 215888 0 0
time: 56000
6 1 39824 0 0 0
6 2 40872 0 0 0
6 3 41920 0 0 0
6 4 41920 0 0 0
6 5 38776 0 0 0
6 6 0 203312 0 0
time: 57000
6 1 37728 0 0 0
6 2 37728 0 0 0
6 3 38776 0 0 0
6 4 39824 0 0 0
6 5 36680 0 0 0
6 6 0 190736 0 0
time: 58000
6 1 34584 0 0 0
6 2 35632 0 0 0
6 3 36680 0 0 0
6 4 37728 0 0 0
6 5 33536 0 0 0
6 6 0 178160 0 0
time: 59000
6 1 42968 0 0 0
6 2 39824 0 0 0
6 3 35632 0 0 0
6 4 34584 0 0 0
6 5 40872 0 0 0
6 6 0 193880 0 0
time: 60000
6 1 47160 0 5240 1
6 2 47160 0 2096 1
6 3 46112 0 0 0
6 4 42968 0 0 0
6 5 47160 0 4192 1
6 6 0 242088 0 0
time: 61000
6 1 47160 0 15720 1
6 2 47160 0 12576 1
6 3 46112 0 10480 1
6 4 46112 0 6288 1
6 5 47160 0 13624 1
6 6 0 292392 0 0
time: 62000
6 1 47160 0 26200 1
6 2 47160 0 22008 1
6 3 46112 0 19912 1
6 4 46112 0 16768 1
6 5 47160 0 24104 1
6 6 0 342696 0 0
time: 63000
6 1 47160 0 35632 1
6 2 47160 0 32488 1
6 3 46112 0 30392 1
6 4 46112 0 27248 1
6 5 47160 0 33536 1
6 6 0 393000 0 0
time: 64000
6 1 47160 0 41920 1
6 2 47160 0 41920 1
6 3 46112 0 39824 1
6 4 46112 0 36680 1
6 5 47160 0 41920 1
6 6 0 435968 0 0
time: 65000
6 1 47160 0 38776 1
6 2 47160 0 38776 1
6 3 46112 0 39824 1
6 4 46112 0 40872 1
6 5 47160 0 38776 1
6 6 0 430728 0 0
time: 66000
6 1 47160 0 36680 1
6 2 47160 0 36680 1
6 3 46112 0 36680 1
6 4 46112 0 37728 1
6 5 47160 0 36680 1
6 6 0 418152 0 0
time: 67000
6 1 47160 0 33536 1
6 2 47160 0 33536 1
6 3 46112 0 34584 1
6 4 46112 0 35632 1
6 5 47160 0 34584 1
6 6 0 405576 0 0
time: 68000
6 1 47160 0 31440 1
6 2 47160 0 31440 1
6 3 46112 0 32488 1
6 4 46112 0 32488 1
6 5 47160 0 31440 1
6 6 0 393000 0 0
time: 69000
6 1 47160 0 29344 1
6 2 47160 0 28296 1
6 3 46112 0 29344 1
6 4 46112 0 30392 1
6 5 47160 0 29344 1
6 6 0 380424 0 0
time: 70000
6 1 47160 0 26200 1
6 2 47160 0 26200 1
6 3 46112 0 27248 1
6 4 46112 0 28296 1
6 5 47160 0 26200 1
6 6 0 367848 0 0
time: 71000
6 1 47160 0 24104 1
6 2 47160 0 24104 1
6 3 46112 0 24104 1
6 4 46112 0 25152 1
6 5 47160 0 24104 1
6 6 0 355272 0 0
time: 72000
6 1 47160 0 22008 1
6 2 47160 0 20960 1
6 3 46112 0 20960 1
6 4 46112 0 22008 1
6 5 47160 0 23056 1
6 6 0 342696 0 0
time: 73000
6 1 47160 0 16768 1
6 2 47160 0 18864 1
6 3 46112 0 20960 1
6 4 46112 0 20960 1
6 5 47160 0 18864 1
6 6 0 330120 0 0
time: 74000
6 1 47160 0 12576 1
6 2 47160 0 15720 1
6 3 46112 0 19912 1
6 4 46112 0 20960 1
6 5 47160 0 14672 1
6 6 0 317544 0 0
time: 75000
6 1 47160 0 9432 1
6 2 47160 0 12576 1
6 3 46112 0 16768 1
6 4 46112 0 20960 1
6 5 47160 0 11528 1
6 6 0 304968 0 0
time: 76000
6 1 47160 0 7336 1
6 2 47160 0 10480 1
6 3 46112 0 13624 1
6 4 46112 0 17816 1
6 5 47160 0 9432 1
6 6 0 292392 0 0
time: 77000
6 1 47160 0 5240 1
6 2 47160 0 7336 1
6 3 46112 0 11528 1
6 4 46112 0 15720 1
6 5 47160 0 6288 1
6 6 0 279816 0 0
time: 78000
6 1 47160 0 2096 1
6 2 47160 0 5240 1
6 3 46112 0 9432 1
6 4 46112 0 12576 1
6 5 47160 0 4192 1
6 6 0 267240 0 0
time: 79000
6 1 47160 0 0 1
6 2 47160 0 2096 1
6 3 46112 0 6288 1
6 4 46112 0 10480 1
6 5 47160 0 2096 1
6 6 0 254664 0 0
time: 80000
6 1 44016 0 0 1
6 2 47160 0 0 1
6 3 46112 0 4192 1
6 4 46112 0 8384 1
6 5 46112 0 0 1
6 6 0 242088 0 0
time: 81000
6 1 41920 0 0 0
6 2 45064 0 0 1
6 3 46112 0 1048 1
6 4 46112 0 5240 1
6 5 44016 0 0 0
6 6 0 229512 0 0
time: 82000
6 1 39824 0 0 0
6 2 41920 0 0 0
6 3 45064 0 0 0
6 4 46112 0 3144 1
6 5 40872 0 0 0
6 6 0 216936 0 0
time: 83000
6 1 36680 0 0 0
6 2 39824 0 0 0
6 3 42968 0 0 0
6 4 46112 0 0 0
6 5 38776 0 0 0
6 6 0 204360 0 0
time: 84000
6 1 34584 0 0 0
6 2 36680 0 0 0
6 3 39824 0 0 0
6 4 44016 0 0 0
6 5 36680 0 0 0
6 6 0 191784 0 0
time: 85000
6 1 38776 0 0 0
6 2 34584 0 0 0
6 3 37728 0 0 0
6 4 41920 0 0 0
6 5 36680 0 0 0
6 6 0 189688 0 0
time: 86000
6 1 48208 0 1048 1
6 2 42968 0 0 0
6 3 36680 0 0 0
6 4 38776 0 0 0
6 5 47160 0 0 0
6 6 0 214840 0 0
time: 87000
6 1 48208 0 10480 1
6 2 47160 0 6288 1
6 3 47160 0 0 1
6 4 36680 0 0 0
6 5 47160 0 9432 1
6 6 0 252568 0 0
time: 88000
6 1 48208 0 20960 1
6 2 47160 0 16768 1
6 3 47160 0 9432 1
6 4 45064 0 1048 1
6 5 47160 0 19912 1
6 6 0 302872 0 0
time: 89000
6 1 48208 0 31440 1
6 2 47160 0 26200 1
6 3 47160 0 19912 1
6 4 45064 0 11528 1
6 5 47160 0 29344 1
6 6 0 353176 0 0
time: 90000
6 1 48208 0 41920 1
6 2 47160 0 37728 1
6 3 47160 0 31440 1
6 4 45064 0 22008 1
6 5 47160 0 40872 1
6 6 0 408720 0 0
time: 91000
6 1 48208 0 39824 1
6 2 47160 0 39824 1
6 3 47160 0 40872 1
6 4 45064 0 32488 1
6 5 47160 0 40872 1
6 6 0 428632 0 0
time: 92000
6 1 48208 0 36680 1
6 2 47160 0 37728 1
6 3 47160 0 38776 1
6 4 45064 0 41920 1
6 5 47160 0 37728 1
6 6 0 427584 0 0
time: 93000
6 1 48208 0 34584 1
6 2 47160 0 35632 1
6 3 47160 0 35632 1
6 4 45064 0 38776 1
6 5 47160 0 35632 1
6 6 0 415008 0 0
time: 94000
6 1 48208 0 32488 1
6 2 47160 0 32488 1
6 3 47160 0 33536 1
6 4 45064 0 36680 1
6 5 47160 0 32488 1
6 6 0 402432 0 0
time: 95000
6 1 48208 0 29344 1
6 2 47160 0 30392 1
6 3 47160 0 31440 1
6 4 45064 0 33536 1
6 5 47160 0 30392 1
6 6 0 389856 0 0
time: 96000
6 1 48208 0 27248 1
6 2 47160 0 27248 1
6 3 47160 0 28296 1
6 4 45064 0 31440 1
6 5 47160 0 28296 1
6 6 0 377280 0 0
time: 97000
6 1 48208 0 24104 1
6 2 47160 0 25152 1
6 3 47160 0 26200 1
6 4 45064 0 29344 1
6 5 47160 0 25152 1
6 6 0 364704 0 0
time: 98000
6 1 48208 0 23056 1
6 2 47160 0 22008 1
6 3 47160 0 23056 1
6 4 45064 0 26200 1
6 5 47160 0 23056 1
6 6 0 352128 0 0
time: 99000
6 1 48208 0 23056 1
6 2 47160 0 20960 1
6 3 47160 0 18864 1
6 4 45064 0 19912 1
6 5 47160 0 22008 1
6 6 0 339552 0 0
time: 100000
6 1 48208 0 15720 1
6 2 47160 0 20960 1
6 3 47160 0 18864 1
6 4 45064 0 17816 1
6 5 47160 0 18864 1
6 6 0 326976 0 0
time: 101000
6 1 48208 0 11528 1
6 2 47160 0 16768 1
6 3 47160 0 18864 1
6 4 45064 0 17816 1
6 5 47160 0 14672 1
6 6 0 314400 0 0
time: 102000
6 1 48208 0 7336 1
6 2 47160 0 12576 1
6 3 47160 0 18864 1
6 4 45064 0 17816 1
6 5 47160 0 10480 1
6 6 0 301824 0 0
time: 103000
6 1 48208 0 4192 1
6 2 47160 0 9432 1
6 3 47160 0 16768 1
6 4 45064 0 17816 1
6 5 47160 0 6288 1
6 6 0 289248 0 0
time: 104000
6 1 48208 0 1048 1
6 2 47160 0 6288 1
6 3 47160 0 13624 1
6 4 45064 0 17816 1
6 5 47160 0 3144 1
6 6 0 276672 0 0
time: 105000
6 1 46112 0 0 1
6 2 47160 0 3144 1
6 3 47160 0 10480 1
6 4 45064 0 17816 1
6 5 47160 0 0 1
6 6 0 264096 0 0
time: 106000
6 1 41920 0 0 0
6 2 47160 0 0 1
6 3 47160 0 7336 1
6 4 45064 0 17816 1
6 5 44016 0 0 1
6 6 0 250472 0 0
time: 107000
6 1 38776 0 0 0
6 2 44016 0 0 0
6 3 47160 0 4192 1
6 4 45064 0 17816 1
6 5 40872 0 0 0
6 6 0 237896 0 0
time: 108000
6 1 36680 0 0 0
6 2 41920 0 0 0
6 3 47160 0 1048 1
6 4 45064 0 14672 1
6 5 38776 0 0 0
6 6 0 225320 0 0
time: 109000
6 1 34584 0 0 0
6 2 38776 0 0 0
6 3 46112 0 0 0
6 4 45064 0 12576 1
6 5 35632 0 0 0
6 6 0 212744 0 0
time: 110000
6 1 34584 0 0 0
6 2 36680 0 0 0
6 3 44016 0 0 0
6 4 45064 0 9432 1
6 5 33536 0 0 0
6 6 0 203312 0 0
time: 111000
6 1 46112 0 0 0
6 2 35632 0 0 0
6 3 40872 0 0 0
6 4 45064 0 7336 1
6 5 40872 0 0 0
6 6 0 215888 0 0
time: 112000
6 1 48208 0 7336 1
6 2 46112 0 0 0
6 3 38776 0 0 0
6 4 45064 0 5240 1
6 5 47160 0 3144 1
6 6 0 241040 0 0
time: 113000
6 1 48208 0 17816 1
6 2 47160 0 9432 1
6 3 37728 0 0 0
6 4 45064 0 2096 1
6 5 47160 0 13624 1
6 6 0 268288 0 0
time: 114000
6 1 48208 0 28296 1
6 2 47160 0 18864 1
6 3 46112 0 2096 1
6 4 45064 0 0 1
6 5 47160 0 23056 1
6 6 0 306016 0 0
time: 115000
6 1 48208 0 37728 1
6 2 47160 0 29344 1
6 3 46112 0 12576 1
6 4 41920 0 0 0
6 5 47160 0 33536 1
6 6 0 343744 0 0
time: 116000
6 1 48208 0 40872 1
6 2 47160 0 38776 1
6 3 46112 0 22008 1
6 4 39824 0 0 0
6 5 47160 0 41920 1
6 6 0 372040 0 0
time: 117000
6 1 48208 0 37728 1
6 2 47160 0 38776 1
6 3 46112 0 32488 1
6 4 37728 0 0 0
6 5 47160 0 38776 1
6 6 0 374136 0 0
time: 118000
6 1 48208 0 35632 1
6 2 47160 0 36680 1
6 3 47160 0 40872 1
6 4 34584 0 0 0
6 5 47160 0 36680 1
6 6 0 374136 0 0
time: 119000
6 1 48208 0 33536 1
6 2 47160 0 33536 1
6 3 47160 0 38776 1
6 4 37728 0 0 0
6 5 47160 0 33536 1
6 6 0 366800 0 0
time: 120000
6 1 48208 0 30392 1
6 2 47160 0 31440 1
6 3 47160 0 36680 1
6 4 45064 0 2096 1
6 5 47160 0 31440 1
6 6 0 366800 0 0
time: 121000
6 1 48208 0 28296 1
6 2 47160 0 28296 1
6 3 47160 0 33536 1
6 4 45064 0 12576 1
6 5 47160 0 29344 1
6 6 0 366800 0 0
time: 122000
6 1 48208 0 25152 1
6 2 47160 0 26200 1
6 3 47160 0 31440 1
6 4 45064 0 23056 1
6 5 47160 0 26200 1
6 6 0 366800 0 0
time: 123000
6 1 48208 0 24104 1
6 2 47160 0 23056 1
6 3 47160 0 28296 1
6 4 45064 0 32488 1
6 5 47160 0 24104 1
6 6 0 366800 0 0
time: 124000
6 1 48208 0 24104 1
6 2 47160 0 19912 1
6 3 47160 0 24104 1
6 4 45064 0 39824 1
6 5 47160 0 23056 1
6 6 0 365752 0 0
time: 125000
6 1 48208 0 24104 1
6 2 47160 0 19912 1
6 3 47160 0 17816 1
6 4 45064 0 33536 1
6 5 47160 0 23056 1
6 6 0 353176 0 0
time: 126000
6 1 48208 0 23056 1
6 2 47160 0 19912 1
6 3 47160 0 17816 1
6 4 45064 0 22008 1
6 5 47160 0 23056 1
6 6 0 340600 0 0
time: 127000
6 1 48208 0 13624 1
6 2 47160 0 19912 1
6 3 47160 0 17816 1
6 4 45064 0 22008 1
6 5 47160 0 18864 1
6 6 0 326976 0 0
time: 128000
6 1 48208 0 8384 1
6 2 47160 0 17816 1
6 3 47160 0 17816 1
6 4 45064 0 22008 1
6 5 47160 0 13624 1
6 6 0 314400 0 0
time: 129000
6 1 48208 0 4192 1
6 2 47160 0 13624 1
6 3 47160 0 17816 1
6 4 45064 0 22008 1
6 5 47160 0 9432 1
6 6 0 301824 0 0
time: 130000
6 1 48208 0 0 1
6 2 47160 0 9432 1
6 3 47160 0 17816 1
6 4 45064 0 22008 1
6 5 47160 0 5240 1
6 6 0 289248 0 0
time: 131000
6 1 44016 0 0 1
6 2 47160 0 5240 1
6 3 47160 0 17816 1
6 4 45064 0 22008 1
6 5 47160 0 1048 1
6 6 0 276672 0 0
time: 132000
6 1 39824 0 0 0
6 2 47160 0 1048 1
6 3 47160 0 17816 1
6 4 45064 0 22008 1
6 5 44016 0 0 0
6 6 0 264096 0 0
time: 133000
6 1 35632 0 0 0
6 2 44016 0 0 0
6 3 47160 0 17816 1
6 4 45064 0 22008 1
6 5 39824 0 0 0
6 6 0 251520 0 0
time: 134000
6 1 31440 0 0 0
6 2 40872 0 0 0
6 3 47160 0 15720 1
6 4 45064 0 22008 1
6 5 36680 0 0 0
6 6 0 238944 0 0
time: 135000
6 1 28296 0 0 0
6 2 37728 0 0 0
6 3 47160 0 12576 1
6 4 45064 0 22008 1
6 5 33536 0 0 0
6 6 0 226368 0 0
time: 136000
6 1 36680 0 0 0
6 2 34584 0 0 0
6 3 47160 0 9432 1
6 4 45064 0 22008 1
6 5 30392 0 0 0
6 6 0 225320 0 0
time: 137000
6 1 46112 0 0 0
6 2 35632 0 0 0
6 3 47160 0 6288 1
6 4 45064 0 22008 1
6 5 39824 0 0 0
6 6 0 242088 0 0
time: 138000
6 1 47160 0 8384 1
6 2 45064 0 0 0
6 3 47160 0 3144 1
6 4 45064 0 22008 1
6 5 46112 0 3144 1
6 6 0 267240 0 0
time: 139000
6 1 47160 0 17816 1
6 2 46112 0 8384 1
6 3 47160 0 0 1
6 4 45064 0 22008 1
6 5 46112 0 12576 1
6 6 0 292392 0 0
time: 140000
6 1 47160 0 27248 1
6 2 46112 0 17816 1
6 3 44016 0 0 1
6 4 45064 0 22008 1
6 5 46112 0 22008 1
6 6 0 317544 0 0
time: 141000
6 1 47160 0 36680 1
6 2 47160 0 26200 1
6 3 40872 0 0 0
6 4 45064 0 22008 1
6 5 46112 0 31440 1
6 6 0 342696 0 0
time: 142000
6 1 47160 0 36680 1
6 2 47160 0 35632 1
6 3 37728 0 0 0
6 4 45064 0 22008 1
6 5 47160 0 37728 1
6 6 0 356320 0 0
time: 143000
6 1 47160 0 33536 1
6 2 47160 0 36680 1
6 3 34584 0 0 0
6 4 45064 0 22008 1
6 5 47160 0 34584 1
6 6 0 347936 0 0
time: 144000
6 1 47160 0 30392 1
6 2 47160 0 33536 1
6 3 31440 0 0 0
6 4 45064 0 22008 1
6 5 47160 0 31440 1
6 6 0 335360 0 0
time: 145000
6 1 47160 0 30392 1
6 2 47160 0 29344 1
6 3 35632 0 0 0
6 4 45064 0 22008 1
6 5 47160 0 27248 1
6 6 0 331168 0 0
time: 146000
6 1 47160 0 30392 1
6 2 47160 0 24104 1
6 3 41920 0 0 0
6 4 45064 0 22008 1
6 5 47160 0 26200 1
6 6 0 331168 0 0
time: 147000
6 1 47160 0 30392 1
6 2 47160 0 24104 1
6 3 41920 0 0 0
6 4 45064 0 22008 1
6 5 47160 0 26200 1
6 6 0 331168 0 0
time: 148000
6 1 47160 0 30392 1
6 2 47160 0 24104 1
6 3 46112 0 0 0
6 4 45064 0 16768 1
6 5 47160 0 26200 1
6 6 0 330120 0 0
time: 149000
6 1 47160 0 30392 1
6 2 47160 0 24104 1
6 3 46112 0 12576 1
6 4 45064 0 4192 1
6 5 47160 0 26200 1
6 6 0 330120 0 0
time: 150000
6 1 47160 0 30392 1
6 2 47160 0 24104 1
6 3 47160 0 24104 1
6 4 36680 0 0 0
6 5 47160 0 26200 1
6 6 0 330120 0 0
time: 151000
6 1 47160 0 30392 1
6 2 47160 0 24104 1
6 3 48208 0 35632 1
6 4 24104 0 0 0
6 5 47160 0 26200 1
6 6 0 330120 0 0
time: 152000
6 1 47160 0 30392 1
6 2 47160 0 24104 1
6 3 49256 0 48208 1
6 4 11528 0 0 0
6 5 47160 0 26200 1
6 6 0 331168 0 0
time: 153000
6 1 47160 0 29344 1
6 2 47160 0 24104 1
6 3 49256 0 49256 1
6 5 47160 0 26200 1
6 6 0 319640 0 0
time: 154000
6 1 47160 0 17816 1
6 2 47160 0 24104 1
6 3 49256 0 49256 1
6 4 6288 0 0 0
6 5 47160 0 25152 1
6 6 0 313352 0 0
time: 155000
6 1 47160 0 11528 1
6 2 47160 0 24104 1
6 3 49256 0 49256 1
6 4 18864 0 0 0
6 5 47160 0 18864 1
6 6 0 313352 0 0
time: 156000
6 1 47160 0 7336 1
6 2 47160 0 19912 1
6 3 49256 0 49256 1
6 4 31440 0 0 0
6 5 47160 0 14672 1
6 6 0 313352 0 0
time: 157000
6 1 47160 0 3144 1
6 2 47160 0 15720 1
6 3 49256 0 49256 1
6 4 44016 0 0 0
6 5 47160 0 10480 1
6 6 0 313352 0 0
time: 158000
6 1 46112 0 0 1
6 2 47160 0 11528 1
6 3 49256 0 49256 1
6 4 45064 0 11528 1
6 5 47160 0 6288 1
6 6 0 313352 0 0
time: 159000
6 1 41920 0 0 0
6 2 47160 0 7336 1
6 3 49256 0 49256 1
6 4 46112 0 23056 1
6 5 47160 0 2096 1
6 6 0 313352 0 0
time: 160000
6 1 37728 0 0 0
6 2 47160 0 3144 1
6 3 49256 0 49256 1
6 4 47160 0 34584 1
6 5 45064 0 0 1
6 6 0 313352 0 0
time: 161000
6 1 33536 0 0 0
6 2 46112 0 0 1
6 3 49256 0 49256 1
6 4 48208 0 46112 1
6 5 40872 0 0 0
6 6 0 313352 0 0
time: 162000
6 1 29344 0 0 0
6 2 41920 0 0 0
6 3 49256 0 49256 1
6 4 48208 0 49256 1
6 5 36680 0 0 0
6 6 0 303920 0 0
time: 163000
6 1 29344 0 0 0
6 2 37728 0 0 0
6 3 49256 0 49256 1
6 4 48208 0 49256 1
6 5 32488 0 0 0
6 6 0 295536 0 0
time: 164000
6 1 37728 0 0 0
6 2 33536 0 0 0
6 3 49256 0 49256 1
6 4 48208 0 49256 1
6 5 28296 0 0 0
6 6 0 295536 0 0
time: 165000
6 1 46112 0 0 0
6 2 29344 0 0 0
6 3 49256 0 49256 1
6 4 48208 0 49256 1
6 5 35632 0 0 0
6 6 0 307064 0 0
time: 166000
6 1 48208 0 6288 1
6 2 34584 0 0 0
6 3 49256 0 49256 1
6 4 48208 0 49256 1
6 5 44016 0 0 0
6 6 0 329072 0 0
time: 167000
6 1 48208 0 14672 1
6 2 42968 0 0 0
6 3 49256 0 49256 1
6 4 48208 0 49256 1
6 5 46112 0 6288 1
6 6 0 354224 0 0
time: 168000
6 1 48208 0 23056 1
6 2 45064 0 6288 1
6 3 49256 0 49256 1
6 4 48208 0 49256 1
6 5 46112 0 14672 1
6 6 0 379376 0 0
time: 169000
6 1 48208 0 31440 1
6 2 45064 0 14672 1
6 3 49256 0 49256 1
6 4 48208 0 49256 1
6 5 46112 0 22008 1
6 6 0 403480 0 0
time: 170000
6 1 48208 0 36680 1
6 2 45064 0 20960 1
6 3 49256 0 49256 1
6 4 48208 0 49256 1
6 5 46112 0 28296 1
6 6 0 421296 0 0
time: 171000
6 1 48208 0 36680 1
6 2 45064 0 27248 1
6 3 49256 0 42968 1
6 4 48208 0 49256 1
6 5 46112 0 34584 1
6 6 0 427584 0 0
time: 172000
6 1 48208 0 36680 1
6 2 45064 0 32488 1
6 3 49256 0 30392 1
6 4 48208 0 49256 1
6 5 46112 0 34584 1
6 6 0 420248 0 0
time: 173000
6 1 48208 0 36680 1
6 2 45064 0 32488 1
6 3 49256 0 17816 1
6 4 48208 0 49256 1
6 5 46112 0 34584 1
6 6 0 407672 0 0
time: 174000
6 1 48208 0 36680 1
6 2 45064 0 32488 1
6 3 49256 0 5240 1
6 4 48208 0 49256 1
6 5 46112 0 34584 1
6 6 0 395096 0 0
time: 175000
6 1 48208 0 36680 1
6 2 45064 0 32488 1
6 3 41920 0 0 0
6 4 48208 0 49256 1
6 5 46112 0 34584 1
6 6 0 382520 0 0
time: 176000
6 1 48208 0 36680 1
6 2 45064 0 32488 1
6 3 29344 0 0 0
6 4 48208 0 49256 1
6 5 46112 0 34584 1
6 6 0 369944 0 0
time: 177000
6 1 48208 0 36680 1
6 2 45064 0 32488 1
6 3 16768 0 0 0
6 4 48208 0 49256 1
6 5 46112 0 34584 1
6 6 0 357368 0 0
time: 178000
6 1 48208 0 36680 1
6 2 45064 0 32488 1
6 3 4192 0 0 0
6 4 48208 0 49256 1
6 5 46112 0 34584 1
6 6 0 344792 0 0
time: 179000
6 1 48208 0 36680 1
6 2 45064 0 32488 1
6 3 1048 0 0 0
6 4 48208 0 40872 1
6 5 46112 0 34584 1
6 6 0 333264 0 0
time: 180000
6 1 48208 0 36680 1
6 2 45064 0 32488 1
6 3 13624 0 0 0
6 4 48208 0 28296 1
6 5 46112 0 34584 1
6 6 0 333264 0 0
time: 181000
6 1 48208 0 36680 1
6 2 45064 0 32488 1
6 3 26200 0 0 0
6 4 48208 0 15720 1
6 5 46112 0 34584 1
6 6 0 333264 0 0
time: 182000
6 1 48208 0 36680 1
6 2 45064 0 32488 1
6 3 38776 0 0 0
6 4 48208 0 3144 1
6 5 46112 0 34584 1
6 6 0 333264 0 0
time: 183000
6 1 48208 0 36680 1
6 2 45064 0 32488 1
6 3 47160 0 4192 1
6 4 38776 0 0 0
6 5 46112 0 34584 1
6 6 0 333264 0 0
time: 184000
6 1 48208 0 36680 1
6 2 45064 0 32488 1
6 3 48208 0 15720 1
6 4 26200 0 0 0
6 5 46112 0 34584 1
6 6 0 333264 0 0
time: 185000
6 1 48208 0 36680 1
6 2 45064 0 32488 1
6 3 49256 0 27248 1
6 4 13624 0 0 0
6 5 46112 0 34584 1
6 6 0 333264 0 0
time: 186000
6 1 48208 0 36680 1
6 2 45064 0 32488 1
6 3 50304 0 38776 1
6 4 1048 0 0 0
6 5 46112 0 34584 1
6 6 0 333264 0 0
time: 187000
6 1 48208 0 25152 1
6 2 45064 0 32488 1
6 3 50304 0 48208 1
6 4 4192 0 0 0
6 5 46112 0 34584 1
6 6 0 334312 0 0
time: 188000
6 1 48208 0 15720 1
6 2 45064 0 32488 1
6 3 50304 0 48208 1
6 4 16768 0 0 0
6 5 46112 0 31440 1
6 6 0 334312 0 0
time: 189000
6 1 48208 0 9432 1
6 2 45064 0 32488 1
6 3 50304 0 48208 1
6 4 29344 0 0 0
6 5 46112 0 24104 1
6 6 0 333264 0 0
time: 190000
6 1 48208 0 3144 1
6 2 45064 0 31440 1
6 3 50304 0 48208 1
6 4 41920 0 0 0
6 5 46112 0 18864 1
6 6 0 333264 0 0
time: 191000
6 1 47160 0 0 1
6 2 45064 0 27248 1
6 3 50304 0 48208 1
6 4 45064 0 9432 1
6 5 46112 0 14672 1
6 6 0 333264 0 0
time: 192000
6 1 42968 0 0 0
6 2 45064 0 23056 1
6 3 50304 0 48208 1
6 4 46112 0 20960 1
6 5 46112 0 10480 1
6 6 0 333264 0 0
time: 193000
6 1 38776 0 0 0
6 2 45064 0 18864 1
6 3 50304 0 48208 1
6 4 46112 0 33536 1
6 5 46112 0 6288 1
6 6 0 333264 0 0
time: 194000
6 1 34584 0 0 0
6 2 45064 0 14672 1
6 3 50304 0 48208 1
6 4 47160 0 46112 1
6 5 46112 0 2096 1
6 6 0 334312 0 0
time: 195000
6 1 30392 0 0 0
6 2 45064 0 10480 1
6 3 50304 0 48208 1
6 4 47160 0 50304 1
6 5 44016 0 0 0
6 6 0 325928 0 0
time: 196000
6 1 26200 0 0 0
6 2 45064 0 6288 1
6 3 50304 0 48208 1
6 4 47160 0 50304 1
6 5 39824 0 0 0
6 6 0 313352 0 0
time: 197000
6 1 34584 0 0 0
6 2 45064 0 2096 1
6 3 50304 0 48208 1
6 4 47160 0 50304 1
6 5 35632 0 0 0
6 6 0 313352 0 0
time: 198000
6 1 42968 0 0 0
6 2 42968 0 0 0
6 3 50304 0 48208 1
6 4 47160 0 50304 1
6 5 31440 0 0 0
6 6 0 313352 0 0
time: 199000
6 1 48208 0 3144 1
6 2 38776 0 0 0
6 3 50304 0 48208 1
6 4 47160 0 50304 1
6 5 28296 0 0 0
6 6 0 314400 0 0
time: 200000
6 1 48208 0 11528 1
6 2 34584 0 0 0
6 3 50304 0 48208 1
6 4 47160 0 50304 1
6 5 36680 0 0 0
6 6 0 326976 0 0
time: 201000
6 1 48208 0 19912 1
6 2 30392 0 0 0
6 3 50304 0 48208 1
6 4 47160 0 50304 1
6 5 45064 0 0 0
6 6 0 339552 0 0
time: 202000
6 1 48208 0 28296 1
6 2 34584 0 0 0
6 3 50304 0 48208 1
6 4 47160 0 50304 1
6 5 47160 0 6288 1
6 6 0 360512 0 0
time: 203000
6 1 48208 0 36680 1
6 2 40872 0 0 0
6 3 50304 0 48208 1
6 4 47160 0 50304 1
6 5 47160 0 13624 1
6 6 0 382520 0 0
time: 204000
6 1 48208 0 36680 1
6 2 45064 0 2096 1
6 3 50304 0 48208 1
6 4 47160 0 50304 1
6 5 47160 0 19912 1
6 6 0 395096 0 0
time: 205000
6 1 48208 0 36680 1
6 2 45064 0 5240 1
6 3 50304 0 48208 1
6 4 47160 0 50304 1
6 5 47160 0 29344 1
6 6 0 407672 0 0
time: 206000
6 1 48208 0 36680 1
6 2 45064 0 13624 1
6 3 50304 0 39824 1
6 4 47160 0 50304 1
6 5 47160 0 34584 1
6 6 0 412912 0 0
time: 207000
6 1 48208 0 36680 1
6 2 45064 0 26200 1
6 3 50304 0 27248 1
6 4 47160 0 50304 1
6 5 47160 0 34584 1
6 6 0 412912 0 0
time: 208000
6 1 48208 0 36680 1
6 2 45064 0 36680 1
6 3 50304 0 14672 1
6 4 47160 0 50304 1
6 5 47160 0 34584 1
6 6 0 410816 0 0
time: 209000
6 1 48208 0 36680 1
6 2 45064 0 36680 1
6 3 50304 0 2096 1
6 4 47160 0 50304 1
6 5 47160 0 34584 1
6 6 0 398240 0 0
time: 210000
6 1 48208 0 36680 1
6 2 45064 0 36680 1
6 3 38776 0 0 0
6 4 47160 0 50304 1
6 5 47160 0 34584 1
6 6 0 384616 0 0
time: 211000
6 1 48208 0 36680 1
6 2 45064 0 36680 1
6 3 26200 0 0 0
6 4 47160 0 50304 1
6 5 47160 0 34584 1
6 6 0 372040 0 0
time: 212000
6 1 48208 0 36680 1
6 2 45064 0 36680 1
6 3 13624 0 0 0
6 4 47160 0 50304 1
6 5 47160 0 34584 1
6 6 0 359464 0 0
time: 213000
6 1 48208 0 36680 1
6 2 45064 0 36680 1
6 3 1048 0 0 0
6 4 47160 0 50304 1
6 5 47160 0 34584 1
6 6 0 346888 0 0
time: 214000
6 1 48208 0 36680 1
6 2 45064 0 36680 1
6 3 3144 0 0 0
6 4 47160 0 38776 1
6 5 47160 0 34584 1
6 6 0 337456 0 0
time: 215000
6 1 48208 0 36680 1
6 2 45064 0 36680 1
6 3 16768 0 0 0
6 4 47160 0 26200 1
6 5 47160 0 34584 1
6 6 0 338504 0 0
time: 216000
6 1 48208 0 36680 1
6 2 45064 0 36680 1
6 3 29344 0 0 0
6 4 47160 0 13624 1
6 5 47160 0 34584 1
6 6 0 338504 0 0
time: 217000
6 1 48208 0 36680 1
6 2 45064 0 36680 1
6 3 41920 0 0 0
6 4 47160 0 1048 1
6 5 47160 0 34584 1
6 6 0 338504 0 0
time: 218000
6 1 48208 0 36680 1
6 2 45064 0 36680 1
6 3 47160 0 7336 1
6 4 35632 0 0 0
6 5 47160 0 34584 1
6 6 0 338504 0 0
time: 219000
6 1 48208 0 36680 1
6 2 45064 0 36680 1
6 3 48208 0 18864 1
6 4 23056 0 0 0
6 5 47160 0 34584 1
6 6 0 338504 0 0
time: 220000
6 1 48208 0 36680 1
6 2 45064 0 36680 1
6 3 50304 0 29344 1
6 4 10480 0 0 0
6 5 47160 0 34584 1
6 6 0 338504 0 0
time: 221000
6 1 48208 0 34584 1
6 2 45064 0 36680 1
6 3 50304 0 41920 1
6 5 47160 0 34584 1
6 6 0 338504 0 0
time: 222000
6 1 48208 0 22008 1
6 2 45064 0 36680 1
6 3 50304 0 48208 1
6 4 7336 0 0 0
6 5 47160 0 34584 1
6 6 0 339552 0 0
time: 223000
6 1 48208 0 9432 1
6 2 45064 0 36680 1
6 3 50304 0 48208 1
6 4 19912 0 0 0
6 5 47160 0 34584 1
6 6 0 339552 0 0
time: 224000
6 1 47160 0 0 1
6 2 45064 0 36680 1
6 3 50304 0 48208 1
6 4 32488 0 0 0
6 5 47160 0 32488 1
6 6 0 339552 0 0
time: 225000
6 1 40872 0 0 0
6 2 45064 0 36680 1
6 3 50304 0 48208 1
6 4 45064 0 0 0
6 5 47160 0 26200 1
6 6 0 339552 0 0
time: 226000
6 1 34584 0 0 0
6 2 45064 0 36680 1
6 3 50304 0 48208 1
6 4 47160 0 10480 1
6 5 47160 0 19912 1
6 6 0 339552 0 0
time: 227000
6 1 28296 0 0 0
6 2 45064 0 36680 1
6 3 50304 0 48208 1
6 4 47160 0 23056 1
6 5 47160 0 13624 1
6 6 0 339552 0 0
time: 228000
6 1 22008 0 0 0
6 2 45064 0 36680 1
6 3 50304 0 48208 1
6 4 48208 0 34584 1
6 5 47160 0 7336 1
6 6 0 339552 0 0
time: 229000
6 1 24104 0 0 0
6 2 45064 0 34584 1
6 3 50304 0 48208 1
6 4 48208 0 47160 1
6 5 47160 0 2096 1
6 6 0 346888 0 0
time: 230000
6 1 32488 0 0 0
6 2 45064 0 30392 1
6 3 50304 0 48208 1
6 4 48208 0 50304 1
6 5 45064 0 0 1
6 6 0 350032 0 0
time: 231000
6 1 39824 0 0 0
6 2 45064 0 26200 1
6 3 50304 0 48208 1
6 4 48208 0 50304 1
6 5 40872 0 0 0
6 6 0 348984 0 0
time: 232000
6 1 46112 0 2096 1
6 2 45064 0 22008 1
6 3 50304 0 48208 1
6 4 48208 0 50304 1
6 5 36680 0 0 0
6 6 0 348984 0 0
time: 233000
6 1 47160 0 10480 1
6 2 45064 0 16768 1
6 3 50304 0 48208 1
6 4 48208 0 50304 1
6 5 32488 0 0 0
6 6 0 348984 0 0
time: 234000
6 1 48208 0 22008 1
6 2 45064 0 10480 1
6 3 50304 0 48208 1
6 4 48208 0 50304 1
6 5 26200 0 0 0
6 6 0 348984 0 0
time: 235000
6 1 48208 0 35632 1
6 2 45064 0 4192 1
6 3 50304 0 48208 1
6 4 48208 0 50304 1
6 5 30392 0 0 0
6 6 0 360512 0 0
time: 236000
6 1 48208 0 45064 1
6 2 42968 0 0 0
6 3 50304 0 48208 1
6 4 48208 0 50304 1
6 5 36680 0 0 0
6 6 0 369944 0 0
time: 237000
6 1 48208 0 45064 1
6 2 36680 0 0 0
6 3 50304 0 48208 1
6 4 48208 0 50304 1
6 5 42968 0 0 0
6 6 0 369944 0 0
time: 238000
6 1 48208 0 45064 1
6 2 30392 0 0 0
6 3 50304 0 48208 1
6 4 48208 0 50304 1
6 5 47160 0 2096 1
6 6 0 369944 0 0
time: 239000
6 1 48208 0 45064 1
6 2 18864 0 0 0
6 3 50304 0 48208 1
6 4 48208 0 50304 1
6 5 48208 0 12576 1
6 6 0 369944 0 0
time: 240000
6 1 48208 0 45064 1
6 2 8384 0 0 0
6 3 50304 0 48208 1
6 4 48208 0 50304 1
6 5 49256 0 24104 1
6 6 0 372040 0 0
time: 241000
6 1 48208 0 45064 1
6 2 14672 0 0 0
6 3 50304 0 41920 1
6 4 48208 0 50304 1
6 5 49256 0 36680 1
6 6 0 384616 0 0
time: 242000
6 1 48208 0 45064 1
6 2 27248 0 0 0
6 3 50304 0 29344 1
6 4 48208 0 50304 1
6 5 49256 0 46112 1
6 6 0 394048 0 0
time: 243000
6 1 48208 0 45064 1
6 2 39824 0 0 0
6 3 50304 0 16768 1
6 4 48208 0 50304 1
6 5 49256 0 46112 1
6 6 0 394048 0 0
time: 244000
6 1 48208 0 45064 1
6 2 45064 0 7336 1
6 3 50304 0 4192 1
6 4 48208 0 50304 1
6 5 49256 0 46112 1
6 6 0 394048 0 0
time: 245000
6 1 48208 0 45064 1
6 2 46112 0 18864 1
6 3 41920 0 0 0
6 4 48208 0 50304 1
6 5 49256 0 46112 1
6 6 0 394048 0 0
time: 246000
6 1 48208 0 45064 1
6 2 47160 0 30392 1
6 3 29344 0 0 0
6 4 48208 0 50304 1
6 5 49256 0 46112 1
6 6 0 394048 0 0
time: 247000
6 1 48208 0 45064 1
6 2 48208 0 41920 1
6 3 16768 0 0 0
6 4 48208 0 50304 1
6 5 49256 0 46112 1
6 6 0 394048 0 0
time: 248000
6 1 48208 0 45064 1
6 2 49256 0 48208 1
6 3 4192 0 0 0
6 4 48208 0 50304 1
6 5 49256 0 46112 1
6 6 0 388808 0 0
time: 249000
6 1 48208 0 45064 1
6 2 49256 0 48208 1
6 3 1048 0 0 0
6 4 48208 0 41920 1
6 5 49256 0 46112 1
6 6 0 377280 0 0
time: 250000
6 1 48208 0 45064 1
6 2 49256 0 48208 1
6 3 13624 0 0 0
6 4 48208 0 29344 1
6 5 49256 0 46112 1
6 6 0 377280 0 0
time: 251000
6 1 48208 0 45064 1
6 2 49256 0 48208 1
6 3 26200 0 0 0
6 4 48208 0 16768 1
6 5 49256 0 46112 1
6 6 0 377280 0 0
time: 252000
6 1 48208 0 45064 1
6 2 49256 0 48208 1
6 3 38776 0 0 0
6 4 48208 0 3144 1
6 5 49256 0 46112 1
6 6 0 376232 0 0
time: 253000
6 1 48208 0 45064 1
6 2 49256 0 48208 1
6 3 46112 0 5240 1
6 4 38776 0 0 0
6 5 49256 0 46112 1
6 6 0 376232 0 0
time: 254000
6 1 48208 0 45064 1
6 2 49256 0 48208 1
6 3 47160 0 16768 1
6 4 26200 0 0 0
6 5 49256 0 46112 1
6 6 0 376232 0 0
time: 255000
6 1 48208 0 45064 1
6 2 49256 0 48208 1
6 3 48208 0 28296 1
6 4 13624 0 0 0
6 5 49256 0 46112 1
6 6 0 376232 0 0
time: 256000
6 1 48208 0 39824 1
6 2 49256 0 48208 1
6 3 49256 0 40872 1
6 4 6288 0 0 0
6 5 49256 0 46112 1
6 6 0 377280 0 0
time: 257000
6 1 48208 0 33536 1
6 2 49256 0 48208 1
6 3 50304 0 47160 1
6 4 3144 0 0 0
6 5 49256 0 46112 1
6 6 0 375184 0 0
time: 258000
6 1 48208 0 20960 1
6 2 49256 0 48208 1
6 3 50304 0 47160 1
6 4 15720 0 0 0
6 5 49256 0 46112 1
6 6 0 375184 0 0
time: 259000
6 1 48208 0 8384 1
6 2 49256 0 48208 1
6 3 50304 0 47160 1
6 4 28296 0 0 0
6 5 49256 0 46112 1
6 6 0 375184 0 0
time: 260000
6 1 44016 0 0 1
6 2 49256 0 48208 1
6 3 50304 0 47160 1
6 4 40872 0 0 0
6 5 49256 0 46112 1
6 6 0 375184 0 0
time: 261000
6 1 31440 0 0 0
6 2 49256 0 48208 1
6 3 50304 0 47160 1
6 4 46112 0 7336 1
6 5 49256 0 46112 1
6 6 0 375184 0 0
time: 262000
6 1 19912 0 0 0
6 2 49256 0 48208 1
6 3 50304 0 47160 1
6 4 48208 0 17816 1
6 5 49256 0 45064 1
6 6 0 375184 0 0
time: 263000
6 1 13624 0 0 0
6 2 49256 0 48208 1
6 3 50304 0 47160 1
6 4 48208 0 30392 1
6 5 49256 0 38776 1
6 6 0 375184 0 0
time: 264000
6 1 7336 0 0 0
6 2 49256 0 48208 1
6 3 50304 0 47160 1
6 4 49256 0 41920 1
6 5 49256 0 32488 1
6 6 0 375184 0 0
time: 265000
6 1 12576 0 0 0
6 2 49256 0 48208 1
6 3 50304 0 47160 1
6 4 49256 0 49256 1
6 5 49256 0 26200 1
6 6 0 381472 0 0
time: 266000
6 1 24104 0 0 0
6 2 49256 0 48208 1
6 3 50304 0 47160 1
6 4 49256 0 49256 1
6 5 49256 0 14672 1
6 6 0 381472 0 0
time: 267000
6 1 36680 0 0 0
6 2 49256 0 48208 1
6 3 50304 0 47160 1
6 4 49256 0 49256 1
6 5 49256 0 2096 1
6 6 0 381472 0 0
time: 268000
6 1 46112 0 3144 1
6 2 49256 0 48208 1
6 3 50304 0 47160 1
6 4 49256 0 49256 1
6 5 38776 0 0 0
6 6 0 381472 0 0
time: 269000
6 1 47160 0 14672 1
6 2 49256 0 48208 1
6 3 50304 0 47160 1
6 4 49256 0 49256 1
6 5 26200 0 0 0
6 6 0 381472 0 0
time: 270000
6 1 48208 0 26200 1
6 2 49256 0 42968 1
6 3 50304 0 47160 1
6 4 49256 0 49256 1
6 5 18864 0 0 0
6 6 0 381472 0 0
time: 271000
6 1 48208 0 38776 1
6 2 49256 0 36680 1
6 3 50304 0 47160 1
6 4 49256 0 49256 1
6 5 12576 0 0 0
6 6 0 381472 0 0
time: 272000
6 1 49256 0 48208 1
6 2 49256 0 29344 1
6 3 50304 0 47160 1
6 4 49256 0 49256 1
6 5 9432 0 0 0
6 6 0 381472 0 0
time: 273000
6 1 49256 0 48208 1
6 2 49256 0 23056 1
6 3 50304 0 47160 1
6 4 49256 0 49256 1
6 5 15720 0 0 0
6 6 0 381472 0 0
time: 274000
6 1 49256 0 48208 1
6 2 49256 0 10480 1
6 3 50304 0 47160 1
6 4 49256 0 49256 1
6 5 28296 0 0 0
6 6 0 381472 0 0
time: 275000
6 1 49256 0 48208 1
6 2 47160 0 0 1
6 3 50304 0 47160 1
6 4 49256 0 49256 1
6 5 40872 0 0 0
6 6 0 381472 0 0
time: 276000
6 1 49256 0 48208 1
6 2 34584 0 0 0
6 3 50304 0 47160 1
6 4 49256 0 49256 1
6 5 46112 0 7336 1
6 6 0 381472 0 0
time: 277000
6 1 49256 0 48208 1
6 2 22008 0 0 0
6 3 50304 0 47160 1
6 4 49256 0 49256 1
6 5 47160 0 19912 1
6 6 0 382520 0 0
time: 278000
6 1 49256 0 48208 1
6 2 9432 0 0 0
6 3 50304 0 47160 1
6 4 49256 0 49256 1
6 5 49256 0 30392 1
6 6 0 382520 0 0
time: 279000
6 1 49256 0 48208 1
6 3 50304 0 44016 1
6 4 49256 0 49256 1
6 5 49256 0 42968 1
6 6 0 382520 0 0
time: 280000
6 1 49256 0 48208 1
6 2 7336 0 0 0
6 3 50304 0 31440 1
6 4 49256 0 49256 1
6 5 49256 0 48208 1
6 6 0 382520 0 0
time: 281000
6 1 49256 0 48208 1
6 2 19912 0 0 0
6 3 50304 0 18864 1
6 4 49256 0 49256 1
6 5 49256 0 48208 1
6 6 0 382520 0 0
time: 282000
6 1 49256 0 48208 1
6 2 32488 0 0 0
6 3 50304 0 6288 1
6 4 49256 0 49256 1
6 5 49256 0 48208 1
6 6 0 382520 0 0
time: 283000
6 1 49256 0 48208 1
6 2 45064 0 0 0
6 3 44016 0 0 1
6 4 49256 0 49256 1
6 5 49256 0 48208 1
6 6 0 382520 0 0
time: 284000
6 1 49256 0 48208 1
6 2 47160 0 10480 1
6 3 31440 0 0 0
6 4 49256 0 49256 1
6 5 49256 0 48208 1
6 6 0 382520 0 0
time: 285000
6 1 49256 0 48208 1
6 2 48208 0 22008 1
6 3 18864 0 0 0
6 4 49256 0 49256 1
6 5 49256 0 48208 1
6 6 0 382520 0 0
time: 286000
6 1 49256 0 48208 1
6 2 49256 0 33536 1
6 3 6288 0 0 0
6 4 49256 0 49256 1
6 5 49256 0 48208 1
6 6 0 382520 0 0
time: 287000
6 1 49256 0 48208 1
6 2 49256 0 46112 1
6 4 49256 0 42968 1
6 5 49256 0 48208 1
6 6 0 382520 0 0
time: 288000
6 1 49256 0 48208 1
6 2 49256 0 48208 1
6 3 10480 0 0 0
6 4 49256 0 30392 1
6 5 49256 0 48208 1
6 6 0 382520 0 0
time: 289000
6 1 49256 0 48208 1
6 2 49256 0 48208 1
6 3 23056 0 0 0
6 4 49256 0 17816 1
6 5 49256 0 48208 1
6 6 0 382520 0 0
time: 290000
6 1 49256 0 48208 1
6 2 49256 0 48208 1
6 3 35632 0 0 0
6 4 49256 0 5240 1
6 5 49256 0 48208 1
6 6 0 382520 0 0
time: 291000
6 1 49256 0 48208 1
6 2 49256 0 48208 1
6 3 45064 0 3144 1
6 4 41920 0 0 0
6 5 49256 0 48208 1
6 6 0 382520 0 0
time: 292000
6 1 49256 0 48208 1
6 2 49256 0 48208 1
6 3 47160 0 13624 1
6 4 29344 0 0 0
6 5 49256 0 48208 1
6 6 0 382520 0 0
time: 293000
6 1 49256 0 48208 1
6 2 49256 0 48208 1
6 3 48208 0 25152 1
6 4 15720 0 0 0
6 5 49256 0 48208 1
6 6 0 381472 0 0
time: 294000
6 1 49256 0 46112 1
6 2 49256 0 48208 1
6 3 49256 0 36680 1
6 4 5240 0 0 0
6 5 49256 0 48208 1
6 6 0 381472 0 0
time: 295000
6 1 49256 0 38776 1
6 2 49256 0 48208 1
6 3 49256 0 48208 1
6 5 49256 0 48208 1
6 6 0 380424 0 0
time: 296000
6 1 49256 0 26200 1
6 2 49256 0 48208 1
6 3 49256 0 48208 1
6 4 12576 0 0 0
6 5 49256 0 48208 1
6 6 0 380424 0 0
time: 297000
6 1 49256 0 13624 1
6 2 49256 0 48208 1
6 3 49256 0 48208 1
6 4 25152 0 0 0
6 5 49256 0 48208 1
6 6 0 380424 0 0
time: 298000
6 1 49256 0 1048 1
6 2 49256 0 48208 1
6 3 49256 0 48208 1
6 4 38776 0 0 0
6 5 49256 0 48208 1
6 6 0 381472 0 0
time: 299000
6 1 37728 0 0 0
6 2 49256 0 48208 1
6 3 49256 0 48208 1
6 4 46112 0 5240 1
6 5 49256 0 48208 1
6 6 0 381472 0 0
time: 300000
6 1 25152 0 0 0
6 2 49256 0 48208 1
6 3 49256 0 48208 1
6 4 47160 0 16768 1
6 5 49256 0 48208 1
6 6 0 381472 0 0
time: 301000
6 1 12576 0 0 0
6 2 49256 0 48208 1
6 3 49256 0 48208 1
6 4 49256 0 27248 1
6 5 49256 0 48208 1
6 6 0 381472 0 0
time: 302000
6 1 1048 0 0 0
6 2 49256 0 48208 1
6 3 49256 0 48208 1
6 4 49256 0 39824 1
6 5 49256 0 47160 1
6 6 0 381472 0 0
time: 303000
6 1 4192 0 0 0
6 2 49256 0 48208 1
6 3 49256 0 48208 1
6 4 49256 0 48208 1
6 5 49256 0 35632 1
6 6 0 381472 0 0
time: 304000
6 1 16768 0 0 0
6 2 49256 0 48208 1
6 3 49256 0 48208 1
6 4 49256 0 48208 1
6 5 49256 0 23056 1
6 6 0 381472 0 0
time: 305000
6 1 29344 0 0 0
6 2 49256 0 48208 1
6 3 49256 0 48208 1
6 4 49256 0 48208 1
6 5 49256 0 10480 1
6 6 0 381472 0 0
time: 306000
6 1 41920 0 0 0
6 2 49256 0 48208 1
6 3 49256 0 48208 1
6 4 49256 0 48208 1
6 5 47160 0 0 1
6 6 0 381472 0 0
time: 307000
6 1 46112 0 8384 1
6 2 49256 0 48208 1
6 3 49256 0 48208 1
6 4 49256 0 48208 1
6 5 34584 0 0 0
6 6 0 381472 0 0
time: 308000
6 1 48208 0 18864 1
6 2 49256 0 48208 1
6 3 49256 0 48208 1
6 4 49256 0 48208 1
6 5 22008 0 0 0
6 6 0 381472 0 0
time: 309000
6 1 49256 0 30392 1
6 2 49256 0 48208 1
6 3 49256 0 48208 1
6 4 49256 0 48208 1
6 5 9432 0 0 0
6 6 0 381472 0 0
time: 310000
6 1 49256 0 42968 1
6 2 49256 0 45064 1
6 3 49256 0 48208 1
6 4 49256 0 48208 1
6 6 0 381472 0 0
time: 311000
6 1 49256 0 48208 1
6 2 49256 0 32488 1
6 3 49256 0 48208 1
6 4 49256 0 48208 1
6 5 7336 0 0 0
6 6 0 381472 0 0
time: 312000
6 1 49256 0 48208 1
6 2 49256 0 19912 1
6 3 49256 0 48208 1
6 4 49256 0 48208 1
6 5 19912 0 0 0
6 6 0 381472 0 0
time: 313000
6 1 49256 0 48208 1
6 2 49256 0 7336 1
6 3 49256 0 48208 1
6 4 49256 0 48208 1
6 5 32488 0 0 0
6 6 0 381472 0 0
time: 314000
6 1 49256 0 48208 1
6 2 42968 0 0 1
6 3 49256 0 48208 1
6 4 49256 0 48208 1
6 5 45064 0 0 0
6 6 0 380424 0 0
time: 315000
6 1 49256 0 48208 1
6 2 30392 0 0 0
6 3 49256 0 48208 1
6 4 49256 0 48208 1
6 5 47160 0 10480 1
6 6 0 380424 0 0
time: 316000
6 1 49256 0 48208 1
6 2 17816 0 0 0
6 3 49256 0 48208 1
6 4 49256 0 48208 1
6 5 48208 0 22008 1
6 6 0 380424 0 0
time: 317000
6 1 49256 0 48208 1
6 2 5240 0 0 0
6 3 49256 0 48208 1
6 4 49256 0 48208 1
6 5 49256 0 33536 1
6 6 0 380424 0 0
time: 318000
6 1 49256 0 48208 1
6 3 49256 0 40872 1
6 4 49256 0 48208 1
6 5 49256 0 47160 1
6 6 0 381472 0 0
time: 319000
6 1 49256 0 48208 1
6 2 11528 0 0 0
6 3 49256 0 28296 1
6 4 49256 0 48208 1
6 5 49256 0 48208 1
6 6 0 381472 0 0
time: 320000
6 1 49256 0 48208 1
6 2 24104 0 0 0
6 3 49256 0 15720 1
6 4 49256 0 48208 1
6 5 49256 0 48208 1
6 6 0 381472 0 0
time: 321000
6 1 49256 0 48208 1
6 2 36680 0 0 0
6 3 49256 0 3144 1
6 4 49256 0 48208 1
6 5 49256 0 48208 1
6 6 0 381472 0 0
time: 322000
6 1 49256 0 48208 1
6 2 46112 0 3144 1
6 3 39824 0 0 0
6 4 49256 0 48208 1
6 5 49256 0 48208 1
6 6 0 381472 0 0
time: 323000
6 1 49256 0 48208 1
6 2 47160 0 14672 1
6 3 27248 0 0 0
6 4 49256 0 48208 1
6 5 49256 0 48208 1
6 6 0 381472 0 0
time: 324000
6 1 49256 0 48208 1
6 2 48208 0 26200 1
6 3 14672 0 0 0
6 4 49256 0 48208 1
6 5 49256 0 48208 1
6 6 0 381472 0 0
time: 325000
6 1 49256 0 48208 1
6 2 49256 0 37728 1
6 3 2096 0 0 0
6 4 49256 0 48208 1
6 5 49256 0 48208 1
6 6 0 381472 0 0
time: 326000
6 1 49256 0 48208 1
6 2 49256 0 48208 1
6 3 2096 0 0 0
6 4 49256 0 37728 1
6 5 49256 0 48208 1
6 6 0 381472 0 0
time: 327000
6 1 49256 0 48208 1
6 2 49256 0 48208 1
6 3 14672 0 0 0
6 4 49256 0 25152 1
6 5 49256 0 48208 1
6 6 0 381472 0 0
time: 328000
6 1 49256 0 48208 1
6 2 49256 0 48208 1
6 3 27248 0 0 0
6 4 49256 0 12576 1
6 5 49256 0 48208 1
6 6 0 381472 0 0
time: 329000
6 1 49256 0 48208 1
6 2 49256 0 48208 1
6 3 39824 0 0 0
6 4 49256 0 0 1
6 5 49256 0 48208 1
6 6 0 381472 0 0
time: 330000
6 1 49256 0 48208 1
6 2 49256 0 48208 1
6 3 46112 0 6288 1
6 4 36680 0 0 0
6 5 49256 0 48208 1
6 6 0 381472 0 0
time: 331000
6 1 49256 0 48208 1
6 2 49256 0 48208 1
6 3 47160 0 17816 1
6 4 24104 0 0 0
6 5 49256 0 48208 1
6 6 0 381472 0 0
time: 332000
6 1 49256 0 48208 1
6 2 49256 0 48208 1
6 3 49256 0 28296 1
6 4 11528 0 0 0
6 5 49256 0 48208 1
6 6 0 381472 0 0
time: 333000
6 1 49256 0 47160 1
6 2 49256 0 48208 1
6 3 49256 0 28296 1
6 5 49256 0 48208 1
6 6 0 368896 0 0
time: 334000
6 1 49256 0 34584 1
6 2 49256 0 48208 1
6 3 49256 0 28296 1
6 4 5240 0 0 0
6 5 49256 0 48208 1
6 6 0 361560 0 0
time: 335000
6 1 49256 0 20960 1
6 2 49256 0 48208 1
6 3 49256 0 28296 1
6 4 17816 0 0 0
6 5 49256 0 48208 1
6 6 0 360512 0 0
time: 336000
6 1 49256 0 8384 1
6 2 49256 0 48208 1
6 3 49256 0 28296 1
6 4 30392 0 0 0
6 5 49256 0 48208 1
6 6 0 360512 0 0
time: 337000
6 1 45064 0 0 1
6 2 49256 0 48208 1
6 3 49256 0 28296 1
6 4 42968 0 0 0
6 5 49256 0 48208 1
6 6 0 360512 0 0
time: 338000
6 1 32488 0 0 0
6 2 49256 0 48208 1
6 3 49256 0 28296 1
6 4 46112 0 9432 1
6 5 49256 0 48208 1
6 6 0 360512 0 0
time: 339000
6 1 19912 0 0 0
6 2 49256 0 48208 1
6 3 49256 0 28296 1
6 4 48208 0 20960 1
6 5 49256 0 48208 1
6 6 0 361560 0 0
time: 340000
6 1 7336 0 0 0
6 2 49256 0 48208 1
6 3 49256 0 28296 1
6 4 49256 0 30392 1
6 5 49256 0 48208 1
6 6 0 359464 0 0
time: 341000
6 2 49256 0 48208 1
6 3 49256 0 28296 1
6 4 49256 0 30392 1
6 5 49256 0 42968 1
6 6 0 346888 0 0
time: 342000
6 1 9432 0 0 0
6 2 49256 0 48208 1
6 3 49256 0 28296 1
6 4 49256 0 30392 1
6 5 49256 0 30392 1
6 6 0 343744 0 0
time: 343000
6 1 22008 0 0 0
6 2 49256 0 48208 1
6 3 49256 0 28296 1
6 4 49256 0 30392 1
6 5 49256 0 17816 1
6 6 0 343744 0 0
time: 344000
6 1 34584 0 0 0
6 2 49256 0 48208 1
6 3 49256 0 28296 1
6 4 49256 0 30392 1
6 5 49256 0 5240 1
6 6 0 343744 0 0
time: 345000
6 1 45064 0 2096 1
6 2 49256 0 48208 1
6 3 49256 0 28296 1
6 4 49256 0 30392 1
6 5 41920 0 0 0
6 6 0 343744 0 0
time: 346000
6 1 47160 0 12576 1
6 2 49256 0 48208 1
6 3 49256 0 28296 1
6 4 49256 0 30392 1
6 5 29344 0 0 0
6 6 0 343744 0 0
time: 347000
6 1 48208 0 24104 1
6 2 49256 0 48208 1
6 3 49256 0 28296 1
6 4 49256 0 30392 1
6 5 16768 0 0 0
6 6 0 343744 0 0
time: 348000
6 1 49256 0 35632 1
6 2 49256 0 48208 1
6 3 49256 0 28296 1
6 4 49256 0 30392 1
6 5 4192 0 0 0
6 6 0 343744 0 0
time: 349000
6 1 49256 0 48208 1
6 2 49256 0 39824 1
6 3 49256 0 28296 1
6 4 49256 0 30392 1
6 6 0 343744 0 0
time: 350000
6 1 49256 0 48208 1
6 2 49256 0 27248 1
6 3 49256 0 28296 1
6 4 49256 0 30392 1
6 5 12576 0 0 0
6 6 0 343744 0 0
time: 351000
6 1 49256 0 48208 1
6 2 49256 0 14672 1
6 3 49256 0 28296 1
6 4 49256 0 30392 1
6 5 25152 0 0 0
6 6 0 343744 0 0
time: 352000
6 1 49256 0 48208 1
6 2 49256 0 2096 1
6 3 49256 0 28296 1
6 4 49256 0 30392 1
6 5 31440 0 0 0
6 6 0 337456 0 0
time: 353000
6 1 49256 0 48208 1
6 2 38776 0 0 0
6 3 49256 0 28296 1
6 4 49256 0 30392 1
6 5 31440 0 0 0
6 6 0 324880 0 0
time: 354000
6 1 49256 0 48208 1
6 2 26200 0 0 0
6 3 49256 0 28296 1
6 4 49256 0 30392 1
6 5 31440 0 0 0
6 6 0 312304 0 0
time: 355000
6 1 49256 0 48208 1
6 2 12576 0 0 0
6 3 49256 0 28296 1
6 4 49256 0 30392 1
6 5 31440 0 0 0
6 6 0 298680 0 0
time: 356000
6 1 49256 0 48208 1
6 3 49256 0 28296 1
6 4 49256 0 30392 1
6 5 31440 0 0 0
6 6 0 286104 0 0
time: 357000
6 1 49256 0 48208 1
6 2 5240 0 0 0
6 3 49256 0 15720 1
6 4 49256 0 30392 1
6 5 31440 0 0 0
6 6 0 278768 0 0
time: 358000
6 1 49256 0 48208 1
6 2 17816 0 0 0
6 3 49256 0 3144 1
6 4 49256 0 30392 1
6 5 31440 0 0 0
6 6 0 278768 0 0
time: 359000
6 1 49256 0 48208 1
6 2 30392 0 0 0
6 3 39824 0 0 0
6 4 49256 0 30392 1
6 5 31440 0 0 0
6 6 0 278768 0 0
time: 360000
6 1 49256 0 48208 1
6 2 39824 0 0 0
6 3 27248 0 0 0
6 4 49256 0 30392 1
6 5 31440 0 0 0
6 6 0 275624 0 0
time: 361000
6 1 49256 0 48208 1
6 2 39824 0 0 0
6 3 14672 0 0 0
6 4 49256 0 30392 1
6 5 31440 0 0 0
6 6 0 263048 0 0
time: 362000
6 1 49256 0 48208 1
6 2 39824 0 0 0
6 3 2096 0 0 0
6 4 49256 0 30392 1
6 5 31440 0 0 0
6 6 0 250472 0 0
time: 363000
6 1 49256 0 48208 1
6 2 39824 0 0 0
6 4 49256 0 19912 1
6 5 31440 0 0 0
6 6 0 237896 0 0
time: 364000
6 1 49256 0 48208 1
6 2 39824 0 0 0
6 4 49256 0 7336 1
6 5 31440 0 0 0
6 6 0 225320 0 0
time: 365000
6 1 49256 0 48208 1
6 2 39824 0 0 0
6 4 44016 0 0 0
6 5 31440 0 0 0
6 6 0 212744 0 0
time: 366000
6 1 49256 0 48208 1
6 2 39824 0 0 0
6 4 31440 0 0 0
6 5 31440 0 0 0
6 6 0 200168 0 0
time: 367000
6 1 49256 0 48208 1
6 2 39824 0 0 0
6 4 18864 0 0 0
6 5 31440 0 0 0
6 6 0 187592 0 0
time: 368000
6 1 49256 0 48208 1
6 2 39824 0 0 0
6 4 6288 0 0 0
6 5 31440 0 0 0
6 6 0 175016 0 0
time: 369000
6 1 49256 0 41920 1
6 2 39824 0 0 0
6 5 31440 0 0 0
6 6 0 162440 0 0
time: 370000
6 1 49256 0 29344 1
6 2 39824 0 0 0
6 5 31440 0 0 0
6 6 0 149864 0 0
time: 371000
6 1 49256 0 16768 1
6 2 39824 0 0 0
6 5 31440 0 0 0
6 6 0 137288 0 0
time: 372000
6 1 49256 0 4192 1
6 2 39824 0 0 0
6 5 31440 0 0 0
6 6 0 124712 0 0
time: 373000
6 1 40872 0 0 0
6 2 39824 0 0 0
6 5 31440 0 0 0
6 6 0 112136 0 0
time: 374000
6 1 28296 0 0 0
6 2 39824 0 0 0
6 5 31440 0 0 0
6 6 0 99560 0 0
time: 375000
6 1 15720 0 0 0
6 2 39824 0 0 0
6 5 31440 0 0 0
6 6 0 86984 0 0
time: 376000
6 1 2096 0 0 0
6 2 39824 0 0 0
6 5 31440 0 0 0
6 6 0 73360 0 0
time: 377000
6 1 8384 0 0 0
6 2 39824 0 0 0
6 5 20960 0 0 0
6 6 0 69168 0 0
time: 378000
6 1 20960 0 0 0
6 2 39824 0 0 0
6 5 8384 0 0 0
6 6 0 69168 0 0
time: 379000
6 1 33536 0 0 0
6 2 35632 0 0 0
6 6 0 69168 0 0
time: 380000
6 1 46112 0 0 0
6 2 23056 0 0 0
6 6 0 69168 0 0
time: 381000
6 1 59736 0 0 0
6 2 10480 0 0 0
6 6 0 70216 0 0
time: 382000
6 1 64976 0 5240 1
6 6 0 70216 0 0
time: 383000
6 1 64976 0 5240 1
6 6 0 70216 0 0
time: 384000
6 1 64976 0 5240 1
6 6 0 70216 0 0
time: 385000
6 1 64976 0 5240 1
6 6 0 70216 0 0
time: 386000
6 1 64976 0 0 1
6 6 0 64976 0 0
time: 387000
6 1 52400 0 0 0
6 6 0 52400 0 0
time: 388000
6 1 39824 0 0 0
6 6 0 39824 0 0
time: 389000
6 1 27248 0 0 0
6 6 0 27248 0 0
time: 390000
6 1 14672 0 0 0
6 6 0 14672 0 0
time: 391000
6 1 11528 0 0 0
6 6 0 11528 0 0
time: 392000
6 1 11528 0 0 0
6 6 0 11528 0 0
time: 393000
6 1 11528 0 0 0
6 6 0 11528 0 0
time: 394000
6 1 11528 0 0 0
6 6 0 11528 0 0
time: 395000
6 1 11528 0 0 0
6 6 0 11528 0 0
time: 396000
6 1 11528 0 0 0
6 6 0 11528 0 0
time: 397000
6 1 10480 0 0 0
6 6 0 10480 0 0
time: 398000
6 1 10480 0 0 0
6 6 0 10480 0 0
time: 399000
6 1 10480 0 0 0
6 6 0 10480 0 0
time: 400000
6 1 10480 0 0 0
6 6 0 10480 0 0
time: 401000
6 1 11528 0 0 0
6 6 0 11528 0 0
time: 402000
6 1 11528 0 0 0
6 6 0 11528 0 0
time: 403000
6 1 11528 0 0 0
6 6 0 11528 0 0
time: 404000
6 1 11528 0 0 0
6 6 0 11528 0 0
time: 405000
6 1 11528 0 0 0
6 6 0 11528 0 0
time: 406000
6 1 11528 0 0 0
6 6 0 11528 0 0
time: 407000
6 1 11528 0 0 0
6 6 0 11528 0 0
time: 408000
6 1 11528 0 0 0
6 6 0 11528 0 0
time: 409000
6 1 11528 0 0 0
6 6 0 11528 0 0
time: 410000
6 1 11528 0 0 0
6 6 0 11528 0 0
time: 411000
6 1 11528 0 0 0
6 6 0 11528 0 0
time: 412000
6 1 11528 0 0 0
6 6 0 11528 0 0
time: 413000
6 1 11528 0 0 0
6 6 0 11528 0 0
time: 414000
6 1 11528 0 0 0
6 6 0 11528 0 0
time: 415000
6 1 11528 0 0 0
6 6 0 11528 0 0
time: 416000
6 1 11528 0 0 0
6 6 0 11528 0 0
time: 417000
6 1 11528 0 0 0
6 6 0 11528 0 0
time: 418000
6 1 10480 0 0 0
6 6 0 10480 0 0
time: 419000
6 1 10480 0 0 0
6 6 0 10480 0 0
time: 420000
6 1 10480 0 0 0
6 6 0 10480 0 0
time: 421000
6 1 10480 0 0 0
6 6 0 10480 0 0
time: 422000
6 1 11528 0 0 0
6 6 0 11528 0 0
time: 423000
6 1 11528 0 0 0
6 6 0 11528 0 0
time: 424000
6 1 11528 0 0 0
6 6 0 11528 0 0
time: 425000
6 1 11528 0 0 0
6 6 0 11528 0 0
time: 426000
6 1 11528 0 0 0
6 6 0 11528 0 0
time: 427000
6 1 11528 0 0 0
6 6 0 11528 0 0
time: 428000
6 1 11528 0 0 0
6 6 0 11528 0 0
time: 429000
6 1 11528 0 0 0
6 6 0 11528 0 0
time: 430000
6 1 11528 0 0 0
6 6 0 11528 0 0
time: 431000
6 1 11528 0 0 0
6 6 0 11528 0 0
time: 432000
6 1 11528 0 0 0
6 6 0 11528 0 0
time: 433000
6 1 11528 0 0 0
6 6 0 11528 0 0
time: 434000
6 1 11528 0 0 0
6 6 0 11528 0 0
time: 435000
6 1 11528 0 0 0
6 6 0 11528 0 0
time: 436000
6 1 11528 0 0 0
6 6 0 11528 0 0
time: 437000
6 1 11528 0 0 0
6 6 0 11528 0 0
time: 438000
6 1 10480 0 0 0
6 6 0 10480 0 0
time: 439000
6 1 10480 0 0 0
6 6 0 10480 0 0
time: 440000
6 1 10480 0 0 0
6 6 0 10480 0 0
time: 441000
6 1 10480 0 0 0
6 6 0 10480 0 0
time: 442000
6 1 10480 0 0 0
6 6 0 10480 0 0
time: 443000
6 1 11528 0 0 0
6 6 0 11528 0 0
time: 444000
6 1 11528 0 0 0
6 6 0 11528 0 0
time: 445000
6 1 11528 0 0 0
6 6 0 11528 0 0
time: 446000
6 1 11528 0 0 0
6 6 0 11528 0 0
time: 447000
6 1 11528 0 0 0
6 6 0 11528 0 0
time: 448000
6 1 11528 0 0 0
6 6 0 11528 0 0
time: 449000
6 1 11528 0 0 0
6 6 0 11528 0 0
time: 450000
6 1 11528 0 0 0
6 6 0 11528 0 0
time: 451000
6 1 11528 0 0 0
6 6 0 11528 0 0
time: 452000
6 1 11528 0 0 0
6 6 0 11528 0 0
time: 453000
6 1 11528 0 0 0
6 6 0 11528 0 0
time: 454000
6 1 11528 0 0 0
6 6 0 11528 0 0
time: 455000
6 1 11528 0 0 0
6 6 0 11528 0 0
time: 456000
6 1 11528 0 0 0
6 6 0 11528 0 0
time: 457000
6 1 11528 0 0 0
6 6 0 11528 0 0
time: 458000
6 1 11528 0 0 0
6 6 0 11528 0 0
time: 459000
6 1 10480 0 0 0
6 6 0 10480 0 0
time: 460000
6 1 10480 0 0 0
6 6 0 10480 0 0
time: 461000
6 1 10480 0 0 0
6 6 0 10480 0 0
time: 462000
6 1 10480 0 0 0
6 6 0 10480 0 0
time: 463000
6 1 10480 0 0 0
6 6 0 10480 0 0
time: 464000
6 1 11528 0 0 0
6 6 0 11528 0 0
time: 465000
6 1 11528 0 0 0
6 6 0 11528 0 0
time: 466000
6 1 11528 0 0 0
6 6 0 11528 0 0
time: 467000
6 1 11528 0 0 0
6 6 0 11528 0 0
time: 468000
6 1 11528 0 0 0
6 6 0 11528 0 0
time: 469000
6 1 11528 0 0 0
6 6 0 11528 0 0
time: 470000
6 1 11528 0 0 0
6 6 0 11528 0 0
time: 471000
6 1 11528 0 0 0
6 6 0 11528 0 0
time: 472000
6 1 11528 0 0 0
6 6 0 11528 0 0
time: 473000
6 1 11528 0 0 0
6 6 0 11528 0 0
time: 474000
6 1 11528 0 0 0
6 6 0 11528 0 0
time: 475000
6 1 11528 0 0 0
6 6 0 11528 0 0
time: 476000
6 1 11528 0 0 0
6 6 0 11528 0 0
time: 477000
6 1 11528 0 0 0
6 6 0 11528 0 0
time: 478000
6 1 11528 0 0 0
6 6 0 11528 0 0
time: 479000
6 1 11528 0 0 0
6 6 0 11528 0 0
time: 480000
6 1 10480 0 0 0
6 6 0 10480 0 0
time: 481000
6 1 10480 0 0 0
6 6 0 10480 0 0
time: 482000
6 1 10480 0 0 0
6 6 0 10480 0 0
time: 483000
6 1 10480 0 0 0
6 6 0 10480 0 0
time: 484000
6 1 11528 0 0 0
6 6 0 11528 0 0
time: 485000
6 1 11528 0 0 0
6 6 0 11528 0 0
time: 486000
6 1 11528 0 0 0
6 6 0 11528 0 0
time: 487000
6 1 11528 0 0 0
6 6 0 11528 0 0
time: 488000
6 1 11528 0 0 0
6 6 0 11528 0 0
time: 489000
6 1 11528 0 0 0
6 6 0 11528 0 0
time: 490000
6 1 11528 0 0 0
6 6 0 11528 0 0
time: 491000
6 1 11528 0 0 0
6 6 0 11528 0 0
time: 492000
6 1 11528 0 0 0
6 6 0 11528 0 0
time: 493000
6 1 11528 0 0 0
6 6 0 11528 0 0
time: 494000
6 1 11528 0 0 0
6 6 0 11528 0 0
time: 495000
6 1 11528 0 0 0
6 6 0 11528 0 0
time: 496000
6 1 11528 0 0 0
6 6 0 11528 0 0
time: 497000
6 1 11528 0 0 0
6 6 0 11528 0 0
time: 498000
6 1 11528 0 0 0
6 6 0 11528 0 0
time: 499000
6 1 11528 0 0 0
6 6 0 11528 0 0
time: 500000
6 1 11528 0 0 0
6 6 0 11528 0 0
time: 501000
6 1 10480 0 0 0
6 6 0 10480 0 0
time: 502000
6 1 10480 0 0 0
6 6 0 10480 0 0
time: 503000
6 1 10480 0 0 0
6 6 0 10480 0 0
time: 504000
6 1 10480 0 0 0
6 6 0 10480 0 0
time: 505000
6 1 11528 0 0 0
6 6 0 11528 0 0
time: 506000
6 1 11528 0 0 0
6 6 0 11528 0 0
time: 507000
6 1 11528 0 0 0
6 6 0 11528 0 0
time: 508000
6 1 11528 0 0 0
6 6 0 11528 0 0
time: 509000
6 1 11528 0 0 0
6 6 0 11528 0 0
time: 510000
6 1 11528 0 0 0
6 6 0 11528 0 0
time: 511000
6 1 11528 0 0 0
6 6 0 11528 0 0
time: 512000
6 1 11528 0 0 0
6 6 0 11528 0 0
time: 513000
6 1 11528 0 0 0
6 6 0 11528 0 0
time: 514000
6 1 11528 0 0 0
6 6 0 11528 0 0
time: 515000
6 1 11528 0 0 0
6 6 0 11528 0 0
time: 516000
6 1 11528 0 0 0
6 6 0 11528 0 0
time: 517000
6 1 11528 0 0 0
6 6 0 11528 0 0
time: 518000
6 1 11528 0 0 0
6 6 0 11528 0 0
time: 519000
6 1 11528 0 0 0
6 6 0 11528 0 0
time: 520000
6 1 11528 0 0 0
6 6 0 11528 0 0
time: 521000
6 1 10480 0 0 0
6 6 0 10480 0 0
time: 522000
6 1 10480 0 0 0
6 6 0 10480 0 0
time: 523000
6 1 10480 0 0 0
6 6 0 10480 0 0
time: 524000
6 1 10480 0 0 0
6 6 0 10480 0 0
time: 525000
6 1 10480 0 0 0
6 6 0 10480 0 0
time: 526000
6 1 11528 0 0 0
6 6 0 11528 0 0
time: 527000
6 1 11528 0 0 0
6 6 0 11528 0 0
time: 528000
6 1 11528 0 0 0
6 6 0 11528 0 0
time: 529000
6 1 11528 0 0 0
6 6 0 11528 0 0
time: 530000
6 1 11528 0 0 0
6 6 0 11528 0 0
time: 531000
6 1 11528 0 0 0
6 6 0 11528 0 0
time: 532000
6 1 11528 0 0 0
6 6 0 11528 0 0
time: 533000
6 1 11528 0 0 0
6 6 0 11528 0 0
time: 534000
6 1 11528 0 0 0
6 6 0 11528 0 0
time: 535000
6 1 11528 0 0 0
6 6 0 11528 0 0
time: 536000
6 1 11528 0 0 0
6 6 0 11528 0 0
time: 537000
6 1 11528 0 0 0
6 6 0 11528 0 0
time: 538000
6 1 11528 0 0 0
6 6 0 11528 0 0
time: 539000
6 1 11528 0 0 0
6 6 0 11528 0 0
time: 540000
6 1 11528 0 0 0
6 6 0 11528 0 0
time: 541000
6 1 11528 0 0 0
6 6 0 11528 0 0
time: 542000
6 1 10480 0 0 0
6 6 0 10480 0 0
time: 543000
6 1 10480 0 0 0
6 6 0 10480 0 0
time: 544000
6 1 10480 0 0 0
6 6 0 10480 0 0
time: 545000
6 1 10480 0 0 0
6 6 0 10480 0 0
time: 546000
6 1 10480 0 0 0
6 6 0 10480 0 0
time: 547000
6 1 11528 0 0 0
6 6 0 11528 0 0
time: 548000
6 1 11528 0 0 0
6 6 0 11528 0 0
time: 549000
6 1 10480 0 0 0
6 6 0 10480 0 0
time: 550000
time: 551000
time: 552000
time: 553000
time: 554000
time: 555000
