# Link Utilization Monitor
# Format: time: <timestamp_ns>
# node_id port_id tx_bytes_total tx_throughput_Gbps tx_util_percent
time: 0
time: 5000
time: 10000
0 1 110040 75.4560 75.46
1 1 110040 75.4560 75.46
2 1 110040 75.4560 75.46
3 1 110040 75.4560 75.46
4 1 108992 73.7792 73.78
5 1 4260 5.8560 5.86
6 1 643 1.0288 1.03
6 2 643 1.0288 1.03
6 3 583 0.9328 0.93
6 4 583 0.9328 0.93
6 5 583 0.9328 0.93
6 6 100608 100.6080 100.00
time: 15000
0 1 110040 0.0000 0.00
1 1 110040 0.0000 0.00
2 1 110040 0.0000 0.00
3 1 110040 0.0000 0.00
4 1 108992 0.0000 0.00
5 1 7860 5.7600 5.76
6 1 1363 1.1520 1.15
6 2 1363 1.1520 1.15
6 3 1303 1.1520 1.15
6 4 1303 1.1520 1.15
6 5 1303 1.1520 1.15
6 6 163488 100.6080 100.00
time: 20000
0 1 110040 0.0000 0.00
1 1 110040 0.0000 0.00
2 1 110040 0.0000 0.00
3 1 110040 0.0000 0.00
4 1 108992 0.0000 0.00
5 1 11460 5.7600 5.76
6 1 2083 1.1520 1.15
6 2 2083 1.1520 1.15
6 3 2023 1.1520 1.15
6 4 2023 1.1520 1.15
6 5 2023 1.1520 1.15
6 6 226368 100.6080 100.00
time: 25000
0 1 110040 0.0000 0.00
1 1 110040 0.0000 0.00
2 1 110040 0.0000 0.00
3 1 110040 0.0000 0.00
4 1 108992 0.0000 0.00
5 1 15060 5.7600 5.76
6 1 2803 1.1520 1.15
6 2 2803 1.1520 1.15
6 3 2743 1.1520 1.15
6 4 2743 1.1520 1.15
6 5 2743 1.1520 1.15
6 6 290296 102.2848 100.00
time: 30000
0 1 112136 3.3536 3.35
1 1 111088 1.6768 1.68
2 1 110040 0.0000 0.00
3 1 110040 0.0000 0.00
4 1 112136 5.0304 5.03
5 1 18720 5.8560 5.86
6 1 3566 1.2208 1.22
6 2 3566 1.2208 1.22
6 3 3566 1.3168 1.32
6 4 3506 1.2208 1.22
6 5 3506 1.2208 1.22
6 6 353176 100.6080 100.00
time: 35000
0 1 175016 100.6080 100.00
1 1 173968 100.6080 100.00
2 1 172920 100.6080 100.00
3 1 171872 98.9312 98.93
4 1 175016 100.6080 100.00
5 1 22320 5.7600 5.76
6 1 4329 1.2208 1.22
6 2 4329 1.2208 1.22
6 3 4329 1.2208 1.22
6 4 4269 1.2208 1.22
6 5 4269 1.2208 1.22
6 6 416056 100.6080 100.00
time: 40000
0 1 177112 3.3536 3.35
1 1 177112 5.0304 5.03
2 1 177112 6.7072 6.71
3 1 177112 8.3840 8.38
4 1 176064 1.6768 1.68
5 1 25920 5.7600 5.76
6 1 5049 1.1520 1.15
6 2 5049 1.1520 1.15
6 3 5049 1.1520 1.15
6 4 4989 1.1520 1.15
6 5 4989 1.1520 1.15
6 6 478936 100.6080 100.00
time: 45000
0 1 177112 0.0000 0.00
1 1 177112 0.0000 0.00
2 1 177112 0.0000 0.00
3 1 177112 0.0000 0.00
4 1 176064 0.0000 0.00
5 1 29520 5.7600 5.76
6 1 5769 1.1520 1.15
6 2 5769 1.1520 1.15
6 3 5769 1.1520 1.15
6 4 5709 1.1520 1.15
6 5 5709 1.1520 1.15
6 6 542864 102.2848 100.00
time: 50000
0 1 177112 0.0000 0.00
1 1 177112 0.0000 0.00
2 1 177112 0.0000 0.00
3 1 177112 0.0000 0.00
4 1 176064 0.0000 0.00
5 1 33180 5.8560 5.86
6 1 6549 1.2480 1.25
6 2 6489 1.1520 1.15
6 3 6429 1.0560 1.06
6 4 6429 1.1520 1.15
6 5 6489 1.2480 1.25
6 6 605744 100.6080 100.00
time: 55000
0 1 177112 0.0000 0.00
1 1 177112 0.0000 0.00
2 1 177112 0.0000 0.00
3 1 177112 0.0000 0.00
4 1 176064 0.0000 0.00
5 1 36780 5.7600 5.76
6 1 7312 1.2208 1.22
6 2 7252 1.2208 1.22
6 3 7192 1.2208 1.22
6 4 7089 1.0560 1.06
6 5 7312 1.3168 1.32
6 6 668624 100.6080 100.00
time: 60000
0 1 225320 77.1328 77.13
1 1 221128 70.4256 70.43
2 1 216936 63.7184 63.72
3 1 212744 57.0112 57.01
4 1 223224 75.4560 75.46
5 1 40380 5.7600 5.76
6 1 8075 1.2208 1.22
6 2 8015 1.2208 1.22
6 3 7912 1.1520 1.15
6 4 7852 1.2208 1.22
6 5 8075 1.2208 1.22
6 6 731504 100.6080 100.00
time: 65000
0 1 246280 33.5360 33.54
1 1 245232 38.5664 38.57
2 1 244184 43.5968 43.60
3 1 244184 50.3040 50.30
4 1 246280 36.8896 36.89
5 1 43980 5.7600 5.76
6 1 8795 1.1520 1.15
6 2 8735 1.1520 1.15
6 3 8675 1.2208 1.22
6 4 8615 1.2208 1.22
6 5 8795 1.1520 1.15
6 6 795432 102.2848 100.00
time: 70000
0 1 246280 0.0000 0.00
1 1 245232 0.0000 0.00
2 1 244184 0.0000 0.00
3 1 244184 0.0000 0.00
4 1 246280 0.0000 0.00
5 1 47640 5.8560 5.86
6 1 9515 1.1520 1.15
6 2 9455 1.1520 1.15
6 3 9395 1.1520 1.15
6 4 9395 1.2480 1.25
6 5 9515 1.1520 1.15
6 6 858312 100.6080 100.00
time: 75000
0 1 246280 0.0000 0.00
1 1 245232 0.0000 0.00
2 1 244184 0.0000 0.00
3 1 244184 0.0000 0.00
4 1 246280 0.0000 0.00
5 1 51240 5.7600 5.76
6 1 10235 1.1520 1.15
6 2 10175 1.1520 1.15
6 3 10115 1.1520 1.15
6 4 10115 1.1520 1.15
6 5 10235 1.1520 1.15
6 6 921192 100.6080 100.00
time: 80000
0 1 246280 0.0000 0.00
1 1 245232 0.0000 0.00
2 1 244184 0.0000 0.00
3 1 244184 0.0000 0.00
4 1 246280 0.0000 0.00
5 1 54840 5.7600 5.76
6 1 11195 1.5360 1.54
6 2 10955 1.2480 1.25
6 3 10715 0.9600 0.96
6 4 10535 0.6720 0.67
6 5 11075 1.3440 1.34
6 6 984072 100.6080 100.00
time: 85000
0 1 278768 51.9808 51.98
1 1 269336 38.5664 38.57
2 1 258856 23.4752 23.48
3 1 244184 0.0000 0.00
4 1 274576 45.2736 45.27
5 1 58440 5.7600 5.76
6 1 11958 1.2208 1.22
6 2 11718 1.2208 1.22
6 3 11478 1.2208 1.22
6 4 11298 1.2208 1.22
6 5 11838 1.2208 1.22
6 6 1046952 100.6080 100.00
time: 90000
0 1 317544 62.0416 62.04
1 1 313352 70.4256 70.43
2 1 310208 82.1632 82.16
3 1 307064 100.6080 100.00
4 1 315448 65.3952 65.40
5 1 62100 5.8560 5.86
6 1 12721 1.2208 1.22
6 2 12481 1.2208 1.22
6 3 12241 1.2208 1.22
6 4 12061 1.2208 1.22
6 5 12601 1.2208 1.22
6 6 1110880 102.2848 100.00
time: 95000
0 1 317544 0.0000 0.00
1 1 313352 0.0000 0.00
2 1 310208 0.0000 0.00
3 1 307064 0.0000 0.00
4 1 315448 0.0000 0.00
5 1 65700 5.7600 5.76
6 1 13441 1.1520 1.15
6 2 13201 1.1520 1.15
6 3 13021 1.2480 1.25
6 4 12781 1.1520 1.15
6 5 13321 1.1520 1.15
6 6 1173760 100.6080 100.00
time: 100000
0 1 317544 0.0000 0.00
1 1 313352 0.0000 0.00
2 1 310208 0.0000 0.00
3 1 307064 0.0000 0.00
4 1 315448 0.0000 0.00
5 1 69300 5.7600 5.76
6 1 14161 1.1520 1.15
6 2 13921 1.1520 1.15
6 3 13741 1.1520 1.15
6 4 13501 1.1520 1.15
6 5 14041 1.1520 1.15
6 6 1236640 100.6080 100.00
time: 105000
0 1 317544 0.0000 0.00
1 1 313352 0.0000 0.00
2 1 310208 0.0000 0.00
3 1 307064 0.0000 0.00
4 1 315448 0.0000 0.00
5 1 72900 5.7600 5.76
6 1 15061 1.4400 1.44
6 2 14521 0.9600 0.96
6 3 14281 0.8640 0.86
6 4 14281 1.2480 1.25
6 5 14821 1.2480 1.25
6 6 1299520 100.6080 100.00
time: 110000
0 1 346888 46.9504 46.95
1 1 328024 23.4752 23.48
2 1 310208 0.0000 0.00
3 1 307064 0.0000 0.00
4 1 337456 35.2128 35.21
5 1 76560 5.8560 5.86
6 1 16064 1.6048 1.60
6 2 15584 1.7008 1.70
6 3 14984 1.1248 1.12
6 4 14281 0.0000 0.00
6 5 15824 1.6048 1.60
6 6 1363448 102.2848 100.00
time: 115000
0 1 389856 68.7488 68.75
1 1 380424 83.8400 83.84
2 1 362608 83.8400 83.84
3 1 307064 0.0000 0.00
4 1 385664 77.1328 77.13
5 1 80160 5.7600 5.76
6 1 16887 1.3168 1.32
6 2 16347 1.2208 1.22
6 3 15807 1.3168 1.32
6 4 14924 1.0288 1.03
6 5 16647 1.3168 1.32
6 6 1426328 100.6080 100.00
time: 120000
0 1 389856 0.0000 0.00
1 1 380424 0.0000 0.00
2 1 375184 20.1216 20.12
3 1 350032 68.7488 68.75
4 1 385664 0.0000 0.00
5 1 83760 5.7600 5.76
6 1 17607 1.1520 1.15
6 2 17067 1.1520 1.15
6 3 16527 1.1520 1.15
6 4 15687 1.2208 1.22
6 5 17367 1.1520 1.15
6 6 1489208 100.6080 100.00
time: 125000
0 1 389856 0.0000 0.00
1 1 380424 0.0000 0.00
2 1 375184 0.0000 0.00
3 1 374136 38.5664 38.57
4 1 385664 0.0000 0.00
5 1 87360 5.7600 5.76
6 1 18327 1.1520 1.15
6 2 17787 1.1520 1.15
6 3 17247 1.1520 1.15
6 4 16407 1.1520 1.15
6 5 18087 1.1520 1.15
6 6 1552088 100.6080 100.00
time: 130000
0 1 389856 0.0000 0.00
1 1 380424 0.0000 0.00
2 1 375184 0.0000 0.00
3 1 374136 0.0000 0.00
4 1 385664 0.0000 0.00
5 1 91020 5.8560 5.86
6 1 18567 0.3840 0.38
6 2 18327 0.8640 0.86
6 3 18147 1.4400 1.44
6 4 17967 2.4960 2.50
6 5 18447 0.5760 0.58
6 6 1616016 102.2848 100.00
time: 135000
0 1 413960 38.5664 38.57
1 1 384616 6.7072 6.71
2 1 375184 0.0000 0.00
3 1 374136 0.0000 0.00
4 1 398240 20.1216 20.12
5 1 94620 5.7600 5.76
6 1 20230 2.6608 2.66
6 2 19210 1.4128 1.41
6 3 18147 0.0000 0.00
6 4 17967 0.0000 0.00
6 5 19690 1.9888 1.99
6 6 1678896 100.6080 100.00
time: 140000
0 1 467408 85.5168 85.52
1 1 447496 100.6080 100.00
2 1 375184 0.0000 0.00
3 1 374136 0.0000 0.00
4 1 459024 97.2544 97.25
5 1 98220 5.7600 5.76
6 1 21353 1.7968 1.80
6 2 20273 1.7008 1.70
6 3 18567 0.6720 0.67
6 4 17967 0.0000 0.00
6 5 20813 1.7968 1.80
6 6 1741776 100.6080 100.00
time: 145000
0 1 467408 0.0000 0.00
1 1 451688 6.7072 6.71
2 1 408720 53.6576 53.66
3 1 374136 0.0000 0.00
4 1 459024 0.0000 0.00
5 1 101820 5.7600 5.76
6 1 22253 1.4400 1.44
6 2 21173 1.4400 1.44
6 3 19510 1.5088 1.51
6 4 17967 0.0000 0.00
6 5 21713 1.4400 1.44
6 6 1804656 100.6080 100.00
time: 150000
0 1 467408 0.0000 0.00
1 1 451688 0.0000 0.00
2 1 471600 100.6080 100.00
3 1 374136 0.0000 0.00
4 1 459024 0.0000 0.00
5 1 105420 5.7600 5.76
6 1 22793 0.8640 0.86
6 2 22253 1.7280 1.73
6 3 20693 1.8928 1.89
6 4 18010 0.0688 0.07
6 5 22553 1.3440 1.34
6 6 1868584 102.2848 100.00
time: 155000
0 1 467408 0.0000 0.00
1 1 451688 0.0000 0.00
2 1 473696 3.3536 3.35
3 1 418152 70.4256 70.43
4 1 459024 0.0000 0.00
5 1 109080 5.8560 5.86
6 1 22793 0.0000 0.00
6 2 22253 0.0000 0.00
6 3 21953 2.0160 2.02
6 4 20410 3.8400 3.84
6 5 22553 0.0000 0.00
6 6 1931464 100.6080 100.00
time: 160000
0 1 467408 0.0000 0.00
1 1 451688 0.0000 0.00
2 1 473696 0.0000 0.00
3 1 471600 85.5168 85.52
4 1 459024 0.0000 0.00
5 1 112680 5.7600 5.76
6 1 24156 2.1808 2.18
6 2 22433 0.2880 0.29
6 3 21953 0.0000 0.00
6 4 21893 2.3728 2.37
6 5 23213 1.0560 1.06
6 6 1994344 100.6080 100.00
time: 165000
0 1 521904 87.1936 87.19
1 1 473696 35.2128 35.21
2 1 473696 0.0000 0.00
3 1 471600 0.0000 0.00
4 1 495704 58.6880 58.69
5 1 116280 5.7600 5.76
6 1 25356 1.9200 1.92
6 2 23676 1.9888 1.99
6 3 21953 0.0000 0.00
6 4 21893 0.0000 0.00
6 5 24456 1.9888 1.99
6 6 2057224 100.6080 100.00
time: 170000
0 1 552296 48.6272 48.63
1 1 529240 88.8704 88.87
2 1 473696 0.0000 0.00
3 1 471600 0.0000 0.00
4 1 539720 70.4256 70.43
5 1 119880 5.7600 5.76
6 1 26599 1.9888 1.99
6 2 24919 1.9888 1.99
6 3 21953 0.0000 0.00
6 4 21893 0.0000 0.00
6 5 25699 1.9888 1.99
6 6 2121152 102.2848 100.00
time: 175000
0 1 552296 0.0000 0.00
1 1 529240 0.0000 0.00
2 1 473696 0.0000 0.00
3 1 471600 0.0000 0.00
4 1 539720 0.0000 0.00
5 1 123540 5.8560 5.86
6 1 27319 1.1520 1.15
6 2 26419 2.4000 2.40
6 3 22296 0.5488 0.55
6 4 21893 0.0000 0.00
6 5 26839 1.8240 1.82
6 6 2184032 100.6080 100.00
time: 180000
0 1 552296 0.0000 0.00
1 1 529240 0.0000 0.00
2 1 512472 62.0416 62.04
3 1 471600 0.0000 0.00
4 1 539720 0.0000 0.00
5 1 127140 5.7600 5.76
6 1 27319 0.0000 0.00
6 2 26419 0.0000 0.00
6 3 25896 5.7600 5.76
6 4 21893 0.0000 0.00
6 5 26839 0.0000 0.00
6 6 2246912 100.6080 100.00
time: 185000
0 1 552296 0.0000 0.00
1 1 529240 0.0000 0.00
2 1 572208 95.5776 95.58
3 1 475792 6.7072 6.71
4 1 539720 0.0000 0.00
5 1 130740 5.7600 5.76
6 1 27319 0.0000 0.00
6 2 26419 0.0000 0.00
6 3 27679 2.8528 2.85
6 4 23796 3.0448 3.04
6 5 26839 0.0000 0.00
6 6 2309792 100.6080 100.00
time: 190000
0 1 552296 0.0000 0.00
1 1 529240 0.0000 0.00
2 1 572208 0.0000 0.00
3 1 538672 100.6080 100.00
4 1 539720 0.0000 0.00
5 1 134340 5.7600 5.76
6 1 27319 0.0000 0.00
6 2 26419 0.0000 0.00
6 3 27679 0.0000 0.00
6 4 27396 5.7600 5.76
6 5 26839 0.0000 0.00
6 6 2373720 102.2848 100.00
time: 195000
0 1 564872 20.1216 20.12
1 1 529240 0.0000 0.00
2 1 572208 0.0000 0.00
3 1 569064 48.6272 48.63
4 1 539720 0.0000 0.00
5 1 138000 5.8560 5.86
6 1 29462 3.4288 3.43
6 2 26719 0.4800 0.48
6 3 27679 0.0000 0.00
6 4 27559 0.2608 0.26
6 5 28022 1.8928 1.89
6 6 2436600 100.6080 100.00
time: 200000
0 1 627752 100.6080 100.00
1 1 537624 13.4144 13.41
2 1 572208 0.0000 0.00
3 1 569064 0.0000 0.00
4 1 578496 62.0416 62.04
5 1 141600 5.7600 5.76
6 1 30705 1.9888 1.99
6 2 27962 1.9888 1.99
6 3 27679 0.0000 0.00
6 4 27559 0.0000 0.00
6 5 29222 1.9200 1.92
6 6 2499480 100.6080 100.00
time: 205000
0 1 637184 15.0912 15.09
1 1 600504 100.6080 100.00
2 1 572208 0.0000 0.00
3 1 569064 0.0000 0.00
4 1 621464 68.7488 68.75
5 1 145200 5.7600 5.76
6 1 31905 1.9200 1.92
6 2 29205 1.9888 1.99
6 3 27679 0.0000 0.00
6 4 27559 0.0000 0.00
6 5 30465 1.9888 1.99
6 6 2562360 100.6080 100.00
time: 210000
0 1 637184 0.0000 0.00
1 1 610984 16.7680 16.77
2 1 572208 0.0000 0.00
3 1 569064 0.0000 0.00
4 1 621464 0.0000 0.00
5 1 148800 5.7600 5.76
6 1 32265 0.5760 0.58
6 2 30945 2.7840 2.78
6 3 28142 0.7408 0.74
6 4 27559 0.0000 0.00
6 5 31545 1.7280 1.73
6 6 2626288 102.2848 100.00
time: 215000
0 1 637184 0.0000 0.00
1 1 610984 0.0000 0.00
2 1 614128 67.0720 67.07
3 1 569064 0.0000 0.00
4 1 621464 0.0000 0.00
5 1 152460 5.8560 5.86
6 1 32265 0.0000 0.00
6 2 30945 0.0000 0.00
6 3 31802 5.8560 5.86
6 4 27559 0.0000 0.00
6 5 31545 0.0000 0.00
6 6 2689168 100.6080 100.00
time: 220000
0 1 637184 0.0000 0.00
1 1 610984 0.0000 0.00
2 1 670720 90.5472 90.55
3 1 576400 11.7376 11.74
4 1 621464 0.0000 0.00
5 1 156060 5.7600 5.76
6 1 32265 0.0000 0.00
6 2 30945 0.0000 0.00
6 3 33405 2.5648 2.56
6 4 29642 3.3328 3.33
6 5 31545 0.0000 0.00
6 6 2752048 100.6080 100.00
time: 225000
0 1 637184 0.0000 0.00
1 1 610984 0.0000 0.00
2 1 670720 0.0000 0.00
3 1 639280 100.6080 100.00
4 1 621464 0.0000 0.00
5 1 159660 5.7600 5.76
6 1 32368 0.1648 0.16
6 2 30945 0.0000 0.00
6 3 33405 0.0000 0.00
6 4 33182 5.6640 5.66
6 5 31545 0.0000 0.00
6 6 2814928 100.6080 100.00
time: 230000
0 1 682248 72.1024 72.10
1 1 610984 0.0000 0.00
2 1 670720 0.0000 0.00
3 1 667576 45.2736 45.27
4 1 621464 0.0000 0.00
5 1 163260 5.7600 5.76
6 1 35188 4.5120 4.51
6 2 30945 0.0000 0.00
6 3 33405 0.0000 0.00
6 4 33225 0.0688 0.07
6 5 32325 1.2480 1.25
6 6 2877808 100.6080 100.00
time: 235000
0 1 730456 77.1328 77.13
1 1 610984 0.0000 0.00
2 1 670720 0.0000 0.00
3 1 667576 0.0000 0.00
4 1 657096 57.0112 57.01
5 1 166920 5.8560 5.86
6 1 36731 2.4688 2.47
6 2 31545 0.9600 0.96
6 3 33405 0.0000 0.00
6 4 33225 0.0000 0.00
6 5 33868 2.4688 2.47
6 6 2941736 102.2848 100.00
time: 240000
0 1 730456 0.0000 0.00
1 1 638232 43.5968 43.60
2 1 670720 0.0000 0.00
3 1 667576 0.0000 0.00
4 1 716832 95.5776 95.58
5 1 170520 5.7600 5.76
6 1 37211 0.7680 0.77
6 2 33148 2.5648 2.56
6 3 33405 0.0000 0.00
6 4 33225 0.0000 0.00
6 5 35531 2.6608 2.66
6 6 3004616 100.6080 100.00
time: 245000
0 1 730456 0.0000 0.00
1 1 701112 100.6080 100.00
2 1 670720 0.0000 0.00
3 1 667576 0.0000 0.00
4 1 716832 0.0000 0.00
5 1 174120 5.7600 5.76
6 1 37211 0.0000 0.00
6 2 35711 4.1008 4.10
6 3 33748 0.5488 0.55
6 4 33225 0.0000 0.00
6 5 36311 1.2480 1.25
6 6 3067496 100.6080 100.00
time: 250000
0 1 730456 0.0000 0.00
1 1 708448 11.7376 11.74
2 1 709496 62.0416 62.04
3 1 667576 0.0000 0.00
4 1 716832 0.0000 0.00
5 1 177720 5.7600 5.76
6 1 37211 0.0000 0.00
6 2 35711 0.0000 0.00
6 3 37348 5.7600 5.76
6 4 33225 0.0000 0.00
6 5 36311 0.0000 0.00
6 6 3130376 100.6080 100.00
time: 255000
0 1 730456 0.0000 0.00
1 1 708448 0.0000 0.00
2 1 768184 93.9008 93.90
3 1 670720 5.0304 5.03
4 1 716832 0.0000 0.00
5 1 181380 5.8560 5.86
6 1 37211 0.0000 0.00
6 2 35711 0.0000 0.00
6 3 39131 2.8528 2.85
6 4 35128 3.0448 3.04
6 5 36311 0.0000 0.00
6 6 3194304 102.2848 100.00
time: 260000
0 1 730456 0.0000 0.00
1 1 708448 0.0000 0.00
2 1 768184 0.0000 0.00
3 1 733600 100.6080 100.00
4 1 716832 0.0000 0.00
5 1 184980 5.7600 5.76
6 1 37451 0.3840 0.38
6 2 35711 0.0000 0.00
6 3 39131 0.0000 0.00
6 4 38548 5.4720 5.47
6 5 36311 0.0000 0.00
6 6 3257184 100.6080 100.00
time: 265000
0 1 767136 58.6880 58.69
1 1 708448 0.0000 0.00
2 1 768184 0.0000 0.00
3 1 766088 51.9808 51.98
4 1 716832 0.0000 0.00
5 1 188580 5.7600 5.76
6 1 40734 5.2528 5.25
6 2 35711 0.0000 0.00
6 3 39131 0.0000 0.00
6 4 38951 0.6448 0.64
6 5 36311 0.0000 0.00
6 6 3320064 100.6080 100.00
time: 270000
0 1 827920 97.2544 97.25
1 1 708448 0.0000 0.00
2 1 768184 0.0000 0.00
3 1 766088 0.0000 0.00
4 1 719976 5.0304 5.03
5 1 192180 5.7600 5.76
6 1 42637 3.0448 3.04
6 2 35711 0.0000 0.00
6 3 39131 0.0000 0.00
6 4 38951 0.0000 0.00
6 5 38094 2.8528 2.85
6 6 3382944 100.6080 100.00
time: 275000
0 1 827920 0.0000 0.00
1 1 708448 0.0000 0.00
2 1 768184 0.0000 0.00
3 1 766088 0.0000 0.00
4 1 783904 102.2848 100.00
5 1 195840 5.8560 5.86
6 1 42637 0.0000 0.00
6 2 36371 1.0560 1.06
6 3 39131 0.0000 0.00
6 4 38951 0.0000 0.00
6 5 41034 4.7040 4.70
6 6 3446872 102.2848 100.00
time: 280000
0 1 827920 0.0000 0.00
1 1 740936 51.9808 51.98
2 1 768184 0.0000 0.00
3 1 766088 0.0000 0.00
4 1 814296 48.6272 48.63
5 1 199440 5.7600 5.76
6 1 42637 0.0000 0.00
6 2 39294 4.6768 4.68
6 3 39131 0.0000 0.00
6 4 38951 0.0000 0.00
6 5 41857 1.3168 1.32
6 6 3509752 100.6080 100.00
time: 285000
0 1 827920 0.0000 0.00
1 1 803816 100.6080 100.00
2 1 768184 0.0000 0.00
3 1 766088 0.0000 0.00
4 1 814296 0.0000 0.00
5 1 203040 5.7600 5.76
6 1 42637 0.0000 0.00
6 2 41377 3.3328 3.33
6 3 40734 2.5648 2.56
6 4 38951 0.0000 0.00
6 5 41857 0.0000 0.00
6 6 3572632 100.6080 100.00
time: 290000
0 1 827920 0.0000 0.00
1 1 805912 3.3536 3.35
2 1 828968 97.2544 97.25
3 1 766088 0.0000 0.00
4 1 814296 0.0000 0.00
5 1 206640 5.7600 5.76
6 1 42637 0.0000 0.00
6 2 41377 0.0000 0.00
6 3 44334 5.7600 5.76
6 4 38951 0.0000 0.00
6 5 41857 0.0000 0.00
6 6 3635512 100.6080 100.00
time: 295000
0 1 827920 0.0000 0.00
1 1 805912 0.0000 0.00
2 1 865648 58.6880 58.69
3 1 791240 40.2432 40.24
4 1 814296 0.0000 0.00
5 1 210240 5.7600 5.76
6 1 42637 0.0000 0.00
6 2 41377 0.0000 0.00
6 3 44797 0.7408 0.74
6 4 42174 5.1568 5.16
6 5 41857 0.0000 0.00
6 6 3699440 102.2848 100.00
time: 300000
0 1 827920 0.0000 0.00
1 1 805912 0.0000 0.00
2 1 865648 0.0000 0.00
3 1 855168 102.2848 100.00
4 1 814296 0.0000 0.00
5 1 213900 5.8560 5.86
6 1 43880 1.9888 1.99
6 2 41377 0.0000 0.00
6 3 44797 0.0000 0.00
6 4 44677 4.0048 4.00
6 5 41857 0.0000 0.00
6 6 3762320 100.6080 100.00
time: 305000
0 1 882416 87.1936 87.19
1 1 805912 0.0000 0.00
2 1 865648 0.0000 0.00
3 1 863552 13.4144 13.41
4 1 814296 0.0000 0.00
5 1 217500 5.7600 5.76
6 1 47480 5.7600 5.76
6 2 41377 0.0000 0.00
6 3 44797 0.0000 0.00
6 4 44677 0.0000 0.00
6 5 41857 0.0000 0.00
6 6 3825200 100.6080 100.00
time: 310000
0 1 925384 68.7488 68.75
1 1 805912 0.0000 0.00
2 1 865648 0.0000 0.00
3 1 863552 0.0000 0.00
4 1 834208 31.8592 31.86
5 1 221100 5.7600 5.76
6 1 48303 1.3168 1.32
6 2 41377 0.0000 0.00
6 3 44797 0.0000 0.00
6 4 44677 0.0000 0.00
6 5 44720 4.5808 4.58
6 6 3888080 100.6080 100.00
time: 315000
0 1 925384 0.0000 0.00
1 1 805912 0.0000 0.00
2 1 865648 0.0000 0.00
3 1 863552 0.0000 0.00
4 1 897088 100.6080 100.00
5 1 224700 5.7600 5.76
6 1 48303 0.0000 0.00
6 2 42260 1.4128 1.41
6 3 44797 0.0000 0.00
6 4 44677 0.0000 0.00
6 5 47523 4.4848 4.48
6 6 3952008 102.2848 100.00
time: 320000
0 1 925384 0.0000 0.00
1 1 855168 78.8096 78.81
2 1 865648 0.0000 0.00
3 1 863552 0.0000 0.00
4 1 911760 23.4752 23.48
5 1 228360 5.8560 5.86
6 1 48303 0.0000 0.00
6 2 45920 5.8560 5.86
6 3 44797 0.0000 0.00
6 4 44677 0.0000 0.00
6 5 47523 0.0000 0.00
6 6 4014888 100.6080 100.00
time: 325000
0 1 925384 0.0000 0.00
1 1 903376 77.1328 77.13
2 1 880320 23.4752 23.48
3 1 863552 0.0000 0.00
4 1 911760 0.0000 0.00
5 1 231960 5.7600 5.76
6 1 48303 0.0000 0.00
6 2 47043 1.7968 1.80
6 3 47360 4.1008 4.10
6 4 44677 0.0000 0.00
6 5 47523 0.0000 0.00
6 6 4077768 100.6080 100.00
time: 330000
0 1 925384 0.0000 0.00
1 1 903376 0.0000 0.00
2 1 943200 100.6080 100.00
3 1 863552 0.0000 0.00
4 1 911760 0.0000 0.00
5 1 235560 5.7600 5.76
6 1 48303 0.0000 0.00
6 2 47043 0.0000 0.00
6 3 50463 4.9648 4.96
6 4 45260 0.9328 0.93
6 5 47523 0.0000 0.00
6 6 4140648 100.6080 100.00
time: 335000
0 1 925384 0.0000 0.00
1 1 903376 0.0000 0.00
2 1 943200 0.0000 0.00
3 1 906520 68.7488 68.75
4 1 911760 0.0000 0.00
5 1 239160 5.7600 5.76
6 1 48303 0.0000 0.00
6 2 47043 0.0000 0.00
6 3 50463 0.0000 0.00
6 4 48860 5.7600 5.76
6 5 47523 0.0000 0.00
6 6 4204576 102.2848 100.00
time: 340000
0 1 934816 15.0912 15.09
1 1 903376 0.0000 0.00
2 1 943200 0.0000 0.00
3 1 943200 58.6880 58.69
4 1 911760 0.0000 0.00
5 1 242820 5.8560 5.86
6 1 50566 3.6208 3.62
6 2 47043 0.0000 0.00
6 3 50463 0.0000 0.00
6 4 50343 2.3728 2.37
6 5 47523 0.0000 0.00
6 6 4267456 100.6080 100.00
time: 345000
0 1 997696 100.6080 100.00
1 1 903376 0.0000 0.00
2 1 943200 0.0000 0.00
3 1 943200 0.0000 0.00
4 1 911760 0.0000 0.00
5 1 246420 5.7600 5.76
6 1 53969 5.4448 5.44
6 2 47043 0.0000 0.00
6 3 50463 0.0000 0.00
6 4 50343 0.0000 0.00
6 5 47806 0.4528 0.45
6 6 4330336 100.6080 100.00
time: 350000
0 1 1022848 40.2432 40.24
1 1 903376 0.0000 0.00
2 1 943200 0.0000 0.00
3 1 943200 0.0000 0.00
4 1 943200 50.3040 50.30
5 1 250020 5.7600 5.76
6 1 53969 0.0000 0.00
6 2 47043 0.0000 0.00
6 3 50463 0.0000 0.00
6 4 50343 0.0000 0.00
6 5 51406 5.7600 5.76
6 6 4393216 100.6080 100.00
time: 355000
0 1 1022848 0.0000 0.00
1 1 908616 8.3840 8.38
2 1 943200 0.0000 0.00
3 1 943200 0.0000 0.00
4 1 943200 0.0000 0.00
5 1 253620 5.7600 5.76
6 1 53969 0.0000 0.00
6 2 48946 3.0448 3.04
6 3 50463 0.0000 0.00
6 4 50343 0.0000 0.00
6 5 53146 2.7840 2.78
6 6 4457144 102.2848 100.00
time: 360000
0 1 1022848 0.0000 0.00
1 1 943200 55.3344 55.33
2 1 943200 0.0000 0.00
3 1 943200 0.0000 0.00
4 1 943200 0.0000 0.00
5 1 257280 5.8560 5.86
6 1 53969 0.0000 0.00
6 2 52606 5.8560 5.86
6 3 50506 0.0688 0.07
6 4 50343 0.0000 0.00
6 5 53146 0.0000 0.00
6 6 4520024 100.6080 100.00
time: 365000
0 1 1022848 0.0000 0.00
1 1 943200 0.0000 0.00
2 1 943200 0.0000 0.00
3 1 943200 0.0000 0.00
4 1 943200 0.0000 0.00
5 1 260880 5.7600 5.76
6 1 53969 0.0000 0.00
6 2 52666 0.0960 0.10
6 3 54046 5.6640 5.66
6 4 50386 0.0688 0.07
6 5 53146 0.0000 0.00
6 6 4582904 100.6080 100.00
time: 370000
0 1 1022848 0.0000 0.00
1 1 943200 0.0000 0.00
2 1 943200 0.0000 0.00
3 1 943200 0.0000 0.00
4 1 943200 0.0000 0.00
5 1 264480 5.7600 5.76
6 1 53969 0.0000 0.00
6 2 52666 0.0000 0.00
6 3 54946 1.4400 1.44
6 4 53086 4.3200 4.32
6 5 53146 0.0000 0.00
6 6 4645784 100.6080 100.00
time: 375000
0 1 1031232 13.4144 13.41
1 1 943200 0.0000 0.00
2 1 943200 0.0000 0.00
3 1 943200 0.0000 0.00
4 1 943200 0.0000 0.00
5 1 268080 5.7600 5.76
6 1 55752 2.8528 2.85
6 2 52666 0.0000 0.00
6 3 54946 0.0000 0.00
6 4 54946 2.9760 2.98
6 5 53146 0.0000 0.00
6 6 4708664 100.6080 100.00
time: 380000
0 1 1095160 102.2848 100.00
1 1 943200 0.0000 0.00
2 1 943200 0.0000 0.00
3 1 943200 0.0000 0.00
4 1 943200 0.0000 0.00
5 1 271740 5.8560 5.86
6 1 59352 5.7600 5.76
6 2 52666 0.0000 0.00
6 3 54946 0.0000 0.00
6 4 54946 0.0000 0.00
6 5 53146 0.0000 0.00
6 6 4772592 102.2848 100.00
time: 385000
0 1 1140224 72.1024 72.10
1 1 943200 0.0000 0.00
2 1 943200 0.0000 0.00
3 1 943200 0.0000 0.00
4 1 943200 0.0000 0.00
5 1 275340 5.7600 5.76
6 1 59635 0.4528 0.45
6 2 54286 2.5920 2.59
6 3 54946 0.0000 0.00
6 4 54946 0.0000 0.00
6 5 54946 2.8800 2.88
6 6 4835472 100.6080 100.00
time: 390000
0 1 1162232 35.2128 35.21
1 1 943200 0.0000 0.00
2 1 943200 0.0000 0.00
3 1 943200 0.0000 0.00
4 1 943200 0.0000 0.00
5 1 278940 5.7600 5.76
6 1 62618 4.7728 4.77
6 2 54946 1.0560 1.06
6 3 54946 0.0000 0.00
6 4 54946 0.0000 0.00
6 5 54946 0.0000 0.00
6 6 4898352 100.6080 100.00
time: 395000
0 1 1225112 100.6080 100.00
1 1 943200 0.0000 0.00
2 1 943200 0.0000 0.00
3 1 943200 0.0000 0.00
4 1 943200 0.0000 0.00
5 1 282540 5.7600 5.76
6 1 66218 5.7600 5.76
6 2 54946 0.0000 0.00
6 3 54946 0.0000 0.00
6 4 54946 0.0000 0.00
6 5 54946 0.0000 0.00
6 6 4961232 100.6080 100.00
time: 400000
0 1 1289040 102.2848 100.00
1 1 943200 0.0000 0.00
2 1 943200 0.0000 0.00
3 1 943200 0.0000 0.00
4 1 943200 0.0000 0.00
5 1 286200 5.8560 5.86
6 1 69818 5.7600 5.76
6 2 54946 0.0000 0.00
6 3 54946 0.0000 0.00
6 4 54946 0.0000 0.00
6 5 54946 0.0000 0.00
6 6 5025160 102.2848 100.00
time: 405000
0 1 1351920 100.6080 100.00
1 1 943200 0.0000 0.00
2 1 943200 0.0000 0.00
3 1 943200 0.0000 0.00
4 1 943200 0.0000 0.00
5 1 289800 5.7600 5.76
6 1 73478 5.8560 5.86
6 2 54946 0.0000 0.00
6 3 54946 0.0000 0.00
6 4 54946 0.0000 0.00
6 5 54946 0.0000 0.00
6 6 5088040 100.6080 100.00
time: 410000
0 1 1414800 100.6080 100.00
1 1 943200 0.0000 0.00
2 1 943200 0.0000 0.00
3 1 943200 0.0000 0.00
4 1 943200 0.0000 0.00
5 1 293400 5.7600 5.76
6 1 77078 5.7600 5.76
6 2 54946 0.0000 0.00
6 3 54946 0.0000 0.00
6 4 54946 0.0000 0.00
6 5 54946 0.0000 0.00
6 6 5150920 100.6080 100.00
time: 415000
0 1 1477680 100.6080 100.00
1 1 943200 0.0000 0.00
2 1 943200 0.0000 0.00
3 1 943200 0.0000 0.00
4 1 943200 0.0000 0.00
5 1 297000 5.7600 5.76
6 1 80678 5.7600 5.76
6 2 54946 0.0000 0.00
6 3 54946 0.0000 0.00
6 4 54946 0.0000 0.00
6 5 54946 0.0000 0.00
6 6 5213800 100.6080 100.00
time: 420000
0 1 1541608 102.2848 100.00
1 1 943200 0.0000 0.00
2 1 943200 0.0000 0.00
3 1 943200 0.0000 0.00
4 1 943200 0.0000 0.00
5 1 300600 5.7600 5.76
6 1 84278 5.7600 5.76
6 2 54946 0.0000 0.00
6 3 54946 0.0000 0.00
6 4 54946 0.0000 0.00
6 5 54946 0.0000 0.00
6 6 5277728 102.2848 100.00
time: 425000
0 1 1604488 100.6080 100.00
1 1 943200 0.0000 0.00
2 1 943200 0.0000 0.00
3 1 943200 0.0000 0.00
4 1 943200 0.0000 0.00
5 1 304260 5.8560 5.86
6 1 87938 5.8560 5.86
6 2 54946 0.0000 0.00
6 3 54946 0.0000 0.00
6 4 54946 0.0000 0.00
6 5 54946 0.0000 0.00
6 6 5340608 100.6080 100.00
time: 430000
0 1 1667368 100.6080 100.00
1 1 943200 0.0000 0.00
2 1 943200 0.0000 0.00
3 1 943200 0.0000 0.00
4 1 943200 0.0000 0.00
5 1 307860 5.7600 5.76
6 1 91538 5.7600 5.76
6 2 54946 0.0000 0.00
6 3 54946 0.0000 0.00
6 4 54946 0.0000 0.00
6 5 54946 0.0000 0.00
6 6 5403488 100.6080 100.00
time: 435000
0 1 1730248 100.6080 100.00
1 1 943200 0.0000 0.00
2 1 943200 0.0000 0.00
3 1 943200 0.0000 0.00
4 1 943200 0.0000 0.00
5 1 311460 5.7600 5.76
6 1 95138 5.7600 5.76
6 2 54946 0.0000 0.00
6 3 54946 0.0000 0.00
6 4 54946 0.0000 0.00
6 5 54946 0.0000 0.00
6 6 5466368 100.6080 100.00
time: 440000
0 1 1793128 100.6080 100.00
1 1 943200 0.0000 0.00
2 1 943200 0.0000 0.00
3 1 943200 0.0000 0.00
4 1 943200 0.0000 0.00
5 1 315060 5.7600 5.76
6 1 98738 5.7600 5.76
6 2 54946 0.0000 0.00
6 3 54946 0.0000 0.00
6 4 54946 0.0000 0.00
6 5 54946 0.0000 0.00
6 6 5530296 102.2848 100.00
time: 445000
0 1 1857056 102.2848 100.00
1 1 943200 0.0000 0.00
2 1 943200 0.0000 0.00
3 1 943200 0.0000 0.00
4 1 943200 0.0000 0.00
5 1 318720 5.8560 5.86
6 1 102398 5.8560 5.86
6 2 54946 0.0000 0.00
6 3 54946 0.0000 0.00
6 4 54946 0.0000 0.00
6 5 54946 0.0000 0.00
6 6 5593176 100.6080 100.00
time: 450000
0 1 1919936 100.6080 100.00
1 1 943200 0.0000 0.00
2 1 943200 0.0000 0.00
3 1 943200 0.0000 0.00
4 1 943200 0.0000 0.00
5 1 322320 5.7600 5.76
6 1 105998 5.7600 5.76
6 2 54946 0.0000 0.00
6 3 54946 0.0000 0.00
6 4 54946 0.0000 0.00
6 5 54946 0.0000 0.00
6 6 5656056 100.6080 100.00
time: 455000
0 1 1982816 100.6080 100.00
1 1 943200 0.0000 0.00
2 1 943200 0.0000 0.00
3 1 943200 0.0000 0.00
4 1 943200 0.0000 0.00
5 1 325920 5.7600 5.76
6 1 109598 5.7600 5.76
6 2 54946 0.0000 0.00
6 3 54946 0.0000 0.00
6 4 54946 0.0000 0.00
6 5 54946 0.0000 0.00
6 6 5718936 100.6080 100.00
time: 460000
0 1 2045696 100.6080 100.00
1 1 943200 0.0000 0.00
2 1 943200 0.0000 0.00
3 1 943200 0.0000 0.00
4 1 943200 0.0000 0.00
5 1 329520 5.7600 5.76
6 1 113198 5.7600 5.76
6 2 54946 0.0000 0.00
6 3 54946 0.0000 0.00
6 4 54946 0.0000 0.00
6 5 54946 0.0000 0.00
6 6 5782864 102.2848 100.00
time: 465000
0 1 2109624 102.2848 100.00
1 1 943200 0.0000 0.00
2 1 943200 0.0000 0.00
3 1 943200 0.0000 0.00
4 1 943200 0.0000 0.00
5 1 333180 5.8560 5.86
6 1 116858 5.8560 5.86
6 2 54946 0.0000 0.00
6 3 54946 0.0000 0.00
6 4 54946 0.0000 0.00
6 5 54946 0.0000 0.00
6 6 5845744 100.6080 100.00
time: 470000
0 1 2172504 100.6080 100.00
1 1 943200 0.0000 0.00
2 1 943200 0.0000 0.00
3 1 943200 0.0000 0.00
4 1 943200 0.0000 0.00
5 1 336780 5.7600 5.76
6 1 120458 5.7600 5.76
6 2 54946 0.0000 0.00
6 3 54946 0.0000 0.00
6 4 54946 0.0000 0.00
6 5 54946 0.0000 0.00
6 6 5908624 100.6080 100.00
time: 475000
0 1 2235384 100.6080 100.00
1 1 943200 0.0000 0.00
2 1 943200 0.0000 0.00
3 1 943200 0.0000 0.00
4 1 943200 0.0000 0.00
5 1 340380 5.7600 5.76
6 1 124058 5.7600 5.76
6 2 54946 0.0000 0.00
6 3 54946 0.0000 0.00
6 4 54946 0.0000 0.00
6 5 54946 0.0000 0.00
6 6 5971504 100.6080 100.00
time: 480000
0 1 2298264 100.6080 100.00
1 1 943200 0.0000 0.00
2 1 943200 0.0000 0.00
3 1 943200 0.0000 0.00
4 1 943200 0.0000 0.00
5 1 343980 5.7600 5.76
6 1 127658 5.7600 5.76
6 2 54946 0.0000 0.00
6 3 54946 0.0000 0.00
6 4 54946 0.0000 0.00
6 5 54946 0.0000 0.00
6 6 6035432 102.2848 100.00
time: 485000
0 1 2362192 102.2848 100.00
1 1 943200 0.0000 0.00
2 1 943200 0.0000 0.00
3 1 943200 0.0000 0.00
4 1 943200 0.0000 0.00
5 1 347640 5.8560 5.86
6 1 131318 5.8560 5.86
6 2 54946 0.0000 0.00
6 3 54946 0.0000 0.00
6 4 54946 0.0000 0.00
6 5 54946 0.0000 0.00
6 6 6098312 100.6080 100.00
time: 490000
0 1 2425072 100.6080 100.00
1 1 943200 0.0000 0.00
2 1 943200 0.0000 0.00
3 1 943200 0.0000 0.00
4 1 943200 0.0000 0.00
5 1 351240 5.7600 5.76
6 1 134918 5.7600 5.76
6 2 54946 0.0000 0.00
6 3 54946 0.0000 0.00
6 4 54946 0.0000 0.00
6 5 54946 0.0000 0.00
6 6 6161192 100.6080 100.00
time: 495000
0 1 2487952 100.6080 100.00
1 1 943200 0.0000 0.00
2 1 943200 0.0000 0.00
3 1 943200 0.0000 0.00
4 1 943200 0.0000 0.00
5 1 354840 5.7600 5.76
6 1 138518 5.7600 5.76
6 2 54946 0.0000 0.00
6 3 54946 0.0000 0.00
6 4 54946 0.0000 0.00
6 5 54946 0.0000 0.00
6 6 6224072 100.6080 100.00
time: 500000
0 1 2550832 100.6080 100.00
1 1 943200 0.0000 0.00
2 1 943200 0.0000 0.00
3 1 943200 0.0000 0.00
4 1 943200 0.0000 0.00
5 1 358440 5.7600 5.76
6 1 142118 5.7600 5.76
6 2 54946 0.0000 0.00
6 3 54946 0.0000 0.00
6 4 54946 0.0000 0.00
6 5 54946 0.0000 0.00
6 6 6286952 100.6080 100.00
time: 505000
0 1 2614760 102.2848 100.00
1 1 943200 0.0000 0.00
2 1 943200 0.0000 0.00
3 1 943200 0.0000 0.00
4 1 943200 0.0000 0.00
5 1 362100 5.8560 5.86
6 1 145718 5.7600 5.76
6 2 54946 0.0000 0.00
6 3 54946 0.0000 0.00
6 4 54946 0.0000 0.00
6 5 54946 0.0000 0.00
6 6 6350880 102.2848 100.00
time: 510000
0 1 2677640 100.6080 100.00
1 1 943200 0.0000 0.00
2 1 943200 0.0000 0.00
3 1 943200 0.0000 0.00
4 1 943200 0.0000 0.00
5 1 365700 5.7600 5.76
6 1 149378 5.8560 5.86
6 2 54946 0.0000 0.00
6 3 54946 0.0000 0.00
6 4 54946 0.0000 0.00
6 5 54946 0.0000 0.00
6 6 6413760 100.6080 100.00
time: 515000
0 1 2740520 100.6080 100.00
1 1 943200 0.0000 0.00
2 1 943200 0.0000 0.00
3 1 943200 0.0000 0.00
4 1 943200 0.0000 0.00
5 1 369300 5.7600 5.76
6 1 152978 5.7600 5.76
6 2 54946 0.0000 0.00
6 3 54946 0.0000 0.00
6 4 54946 0.0000 0.00
6 5 54946 0.0000 0.00
6 6 6476640 100.6080 100.00
time: 520000
0 1 2803400 100.6080 100.00
1 1 943200 0.0000 0.00
2 1 943200 0.0000 0.00
3 1 943200 0.0000 0.00
4 1 943200 0.0000 0.00
5 1 372900 5.7600 5.76
6 1 156578 5.7600 5.76
6 2 54946 0.0000 0.00
6 3 54946 0.0000 0.00
6 4 54946 0.0000 0.00
6 5 54946 0.0000 0.00
6 6 6539520 100.6080 100.00
time: 525000
0 1 2867328 102.2848 100.00
1 1 943200 0.0000 0.00
2 1 943200 0.0000 0.00
3 1 943200 0.0000 0.00
4 1 943200 0.0000 0.00
5 1 376560 5.8560 5.86
6 1 160178 5.7600 5.76
6 2 54946 0.0000 0.00
6 3 54946 0.0000 0.00
6 4 54946 0.0000 0.00
6 5 54946 0.0000 0.00
6 6 6603448 102.2848 100.00
time: 530000
0 1 2930208 100.6080 100.00
1 1 943200 0.0000 0.00
2 1 943200 0.0000 0.00
3 1 943200 0.0000 0.00
4 1 943200 0.0000 0.00
5 1 380160 5.7600 5.76
6 1 163838 5.8560 5.86
6 2 54946 0.0000 0.00
6 3 54946 0.0000 0.00
6 4 54946 0.0000 0.00
6 5 54946 0.0000 0.00
6 6 6666328 100.6080 100.00
time: 535000
0 1 2993088 100.6080 100.00
1 1 943200 0.0000 0.00
2 1 943200 0.0000 0.00
3 1 943200 0.0000 0.00
4 1 943200 0.0000 0.00
5 1 383760 5.7600 5.76
6 1 167438 5.7600 5.76
6 2 54946 0.0000 0.00
6 3 54946 0.0000 0.00
6 4 54946 0.0000 0.00
6 5 54946 0.0000 0.00
6 6 6729208 100.6080 100.00
time: 540000
0 1 3055968 100.6080 100.00
1 1 943200 0.0000 0.00
2 1 943200 0.0000 0.00
3 1 943200 0.0000 0.00
4 1 943200 0.0000 0.00
5 1 387360 5.7600 5.76
6 1 171038 5.7600 5.76
6 2 54946 0.0000 0.00
6 3 54946 0.0000 0.00
6 4 54946 0.0000 0.00
6 5 54946 0.0000 0.00
6 6 6792088 100.6080 100.00
time: 545000
0 1 3119896 102.2848 100.00
1 1 943200 0.0000 0.00
2 1 943200 0.0000 0.00
3 1 943200 0.0000 0.00
4 1 943200 0.0000 0.00
5 1 391020 5.8560 5.86
6 1 174638 5.7600 5.76
6 2 54946 0.0000 0.00
6 3 54946 0.0000 0.00
6 4 54946 0.0000 0.00
6 5 54946 0.0000 0.00
6 6 6856016 102.2848 100.00
time: 550000
0 1 3144000 38.5664 38.57
1 1 943200 0.0000 0.00
2 1 943200 0.0000 0.00
3 1 943200 0.0000 0.00
4 1 943200 0.0000 0.00
5 1 394620 5.7600 5.76
6 1 178298 5.8560 5.86
6 2 54946 0.0000 0.00
6 3 54946 0.0000 0.00
6 4 54946 0.0000 0.00
6 5 54946 0.0000 0.00
6 6 6916800 97.2544 97.25
time: 555000
0 1 3144000 0.0000 0.00
1 1 943200 0.0000 0.00
2 1 943200 0.0000 0.00
3 1 943200 0.0000 0.00
4 1 943200 0.0000 0.00
5 1 396000 2.2080 2.21
6 1 181118 4.5120 4.51
6 2 54946 0.0000 0.00
6 3 54946 0.0000 0.00
6 4 54946 0.0000 0.00
6 5 54946 0.0000 0.00
6 6 6916800 0.0000 0.00
