8568 4 0 1 1
8651 0 0 1 1
8651 1 0 1 1
8651 2 0 1 1
8651 3 0 1 1
29733 4 0 1 0
29816 0 0 1 0
29899 1 0 1 0
29982 2 0 1 0
30065 3 0 1 0
34981 4 0 1 1
35064 0 0 1 1
35147 1 0 1 1
35230 2 0 1 1
35313 3 0 1 1
56127 0 0 1 0
56210 4 0 1 0
56459 1 0 1 0
56791 2 0 1 0
57123 3 0 1 0
61541 0 0 1 1
61707 4 0 1 1
61790 1 0 1 1
62039 2 0 1 1
62371 3 0 1 1
82355 0 0 1 0
82687 4 0 1 0
83019 1 0 1 0
83766 2 0 1 0
84928 3 0 1 0
87935 0 0 1 1
88101 4 0 1 1
88350 1 0 1 1
88931 2 0 1 1
89844 3 0 1 1
107670 0 0 1 0
108251 4 0 1 0
108832 1 0 1 0
110824 2 0 1 0
113333 0 0 1 1
113748 4 0 1 1
114080 1 0 1 1
115906 2 0 1 1
116551 3 0 1 0
121799 3 0 1 1
133068 0 0 1 0
133981 4 0 1 0
134645 1 0 1 0
139146 0 0 1 1
139727 4 0 1 1
140225 1 0 1 1
142281 2 0 1 0
150019 2 0 1 1
151494 3 0 1 0
159149 3 0 1 1
160624 0 0 1 0
162035 4 0 1 0
163197 1 0 1 0
167283 0 0 1 1
168362 4 0 1 1
169275 1 0 1 1
176892 2 0 1 0
184611 3 0 1 0
184630 2 0 1 1
192266 3 0 1 1
193990 0 0 1 0
196895 4 0 1 0
199302 1 0 1 0
200649 0 0 1 1
203305 4 0 1 1
205712 1 0 1 1
211669 2 0 1 0
219388 3 0 1 0
219407 2 0 1 1
226360 0 0 1 0
227126 3 0 1 1
232170 4 0 1 0
233683 0 0 1 1
237814 1 0 1 0
239659 4 0 1 1
245469 1 0 1 1
246861 2 0 1 0
254516 2 0 1 1
254746 3 0 1 0
262050 0 0 1 0
262484 3 0 1 1
269686 4 0 1 0
269705 0 0 1 1
277341 4 0 1 1
277405 1 0 1 0
285060 1 0 1 1
285124 2 0 1 0
292779 2 0 1 1
292926 3 0 1 0
300581 3 0 1 1
300645 0 0 1 0
308300 0 0 1 1
308364 4 0 1 0
316019 4 0 1 1
316083 1 0 1 0
323738 1 0 1 1
323802 2 0 1 0
331457 2 0 1 1
331521 3 0 1 0
339176 3 0 1 1
339240 0 0 1 0
346895 0 0 1 1
346959 4 0 1 0
354512 1 0 1 0
360405 2 0 1 0
366547 3 0 1 0
374266 0 0 1 0
383498 0 0 1 1
388210 0 0 1 0
