time: 0
6 1 1
6 2 1
6 3 1
6 4 1
6 5 1
6 6 1
time: 10000
6 1 101
6 2 101
6 3 101
6 4 101
6 5 101
6 6 21 0 0 0 1 0 0 0 1 0 0 0 1 0 0 0 1 0 0 0 0 0 0 0 0 1 0 0 0 1 0 0 0 1 0 0 0 1 0 0 0 1 0 0 0 0 0 0 0 0 1 0 0 0 1 0 0 0 1 0 0 0 1 0 0 0 0 1 0 0 0 0 0 0 0 1 0 0 0 1 0 0 0 1 0 0 0 0 1 0 0 0 1 0 0 0 0 0 0 0 1 0 0 0 1 0 0 0 1 0 0 0 0 1 0 0 0 1 0 0 0 0 0 0 0 1 0 0 0 1 0 0 0 0 1 0 0 0 1 0 0 0 1 0 0 0 0 0 0 0 1 0 0 0 0 1 0 0 0 1 0 0 0 1 0 0 0 1 0 0 0 0 0 0 0 0 1 0 0 0 1 0 0 0 1 0 0 0 1 0 0 0 1 0 0 0 0 0 0 0 0 1 0 0 0 1 0 0 0 1 0 0 0 1 0 0 0 0 0 0 0 0 1 0 0 0 1 0 0 0 1 0 0 0 1 0 0 0 1 0 0 0 0 0 0 0 0 1 0 0 0 1 0 0 0 1 0 0 0 1 0 0 0 0 1 0 0 0 0 0 0 0 1 0 0 0 1 0 0 0 1 0 0 0 0 1 0 0 0 1 0 0 0 0 0 0 0 1 0 0 0 1 0 0 0 0 1 0 0 0 1 0 0 0 1 0 0 0 0 0 0 0 1 0 0 0 1 0 0 0 0 1 0 0 0 1 0 0 0 1 0 0 0 0 0 0 0 1 0 0 0 0 1 0 0 0 1 0 0 0 1 0 0 0 1 0 0 0 0 0 0 0 0 1 0 0 0 1 0 0 0 1 0 0 0 1 0 0 0 1 0 0 0 0 0 0 0 0 1 0 0 0 1
time: 20000
6 1 201
6 2 201
6 3 201
6 4 201
6 5 201
6 6 21 0 0 0 1 0 0 0 1 0 0 0 1 0 0 0 1 0 0 0 0 0 0 0 0 1 0 0 0 1 0 0 0 1 0 0 0 1 0 0 0 1 0 0 0 0 0 0 0 0 1 0 0 0 1 0 0 0 1 0 0 0 1 0 0 0 0 1 0 0 0 0 0 0 0 1 0 0 0 1 0 0 0 1 0 0 0 0 1 0 0 0 1 0 0 0 0 0 0 0 1 0 0 0 1 0 0 0 1 0 0 0 0 1 0 0 0 1 0 0 0 0 0 0 0 1 0 0 0 1 0 0 0 0 1 0 0 0 1 0 0 0 1 0 0 0 0 0 0 0 1 0 0 0 0 1 0 0 0 1 0 0 0 1 0 0 0 1 0 0 0 0 0 0 0 0 1 0 0 0 1 0 0 0 1 0 0 0 1 0 0 0 1 0 0 0 0 0 0 0 0 1 0 0 0 1 0 0 0 1 0 0 0 1 0 0 0 0 0 0 0 0 1 0 0 0 1 0 0 0 1 0 0 0 1 0 0 0 1 0 0 0 0 0 0 0 0 1 0 0 0 1 0 0 0 1 0 0 0 1 0 0 0 0 1 0 0 0 0 0 0 0 1 0 0 0 1 0 0 0 1 0 0 0 0 1 0 0 0 1 0 0 0 0 0 0 0 1 0 0 0 1 0 0 0 0 1 0 0 0 1 0 0 0 1 0 0 0 0 0 0 0 2 1 1 1 2 0 0 1 1 2 1 1 0 2 1 1 1 1 1 1 1 1 1 0 1 2 1 0 1 1 1 1 1 1 2 1 0 1 2 1 1 1 1 1 1 1 1 1 0 0 1 2 1 1 1 1 1 1 1 2 1 0 1 2 1 1 1 1 1 1 0 1 1 0 1 1 2 1 1 0 2 1 1 1 2 0 1 1 2 1 1 0 0 1 1 1 1 1 1 1 1 2 1 1 0 2 1 1 1 2 0 1 1 2 0 1 1
time: 30000
6 1 301
6 2 301
6 3 301
6 4 301
6 5 301
6 6 21 0 0 0 1 0 0 0 1 0 0 0 1 0 0 0 1 0 0 0 0 0 0 0 0 1 0 0 0 1 0 0 0 1 0 0 0 1 0 0 0 1 0 0 0 0 0 0 0 0 1 0 0 0 1 0 0 0 1 0 0 0 1 0 0 0 0 1 0 0 0 0 0 0 0 1 0 0 0 1 0 0 0 1 0 0 0 0 1 0 0 0 1 0 0 0 0 0 0 0 1 0 0 0 1 0 0 0 1 0 0 0 0 1 0 0 0 1 0 0 0 0 0 0 0 1 0 0 0 1 0 0 0 0 1 0 0 0 1 0 0 0 1 0 0 0 0 0 0 0 1 0 0 0 0 1 0 0 0 1 0 0 0 1 0 0 0 1 0 0 0 0 0 0 0 0 1 0 0 0 1 0 0 0 1 0 0 0 1 0 0 0 1 0 0 1 0 1 0 1 1 2 1 1 0 2 1 1 1 2 0 1 1 2 1 1 0 1 0 1 1 1 2 0 1 1 2 1 1 0 2 1 1 1 1 1 1 1 2 1 0 0 1 1 1 1 1 1 1 1 1 2 1 0 1 2 1 1 1 1 1 0 1 1 2 1 0 1 1 1 1 1 1 1 1 1 2 1 0 1 2 1 1 0 1 1 1 1 1 2 0 1 1 1 1 1 0 2 1 1 1 2 0 1 1 0 2 1 1 0 2 1 1 1 2 0 1 1 1 1 1 0 2 1 1 1 2 0 0 1 1 2 1 1 0 2 1 1 1 1 1 1 1 1 1 0 1 2 1 0 1 1 1 1 1 1 2 1 0 1 2 1 1 1 1 1 1 1 1 1 0 0 1 2 1 1 1 1 1 1 1 2 1 0 1 2 1 1 1 1 1 1 0 1 1 0 1 1 2 1 1 0 2 1 1 1 2 0 1 1 2 1 1 0 0 1 1 1 1 1 1 1 1 2 1 1 0 2 1 1 1 2 0 1 1 2 0 1 1
time: 40000
6 1 401
6 2 401
6 3 401
6 4 401
6 5 401
6 6 21 0 0 0 1 0 0 0 1 0 0 0 1 0 0 0 1 0 0 0 0 0 0 0 0 1 0 0 0 1 0 0 0 1 0 0 0 1 0 0 0 1 0 0 0 0 0 0 0 0 1 0 0 0 1 0 0 0 1 0 0 0 1 0 0 0 0 1 0 0 0 0 0 0 0 1 0 0 0 1 0 0 0 1 0 0 0 0 1 0 0 0 1 0 0 0 0 0 0 0 1 0 0 0 1 0 0 0 1 0 0 0 0 1 0 0 0 1 0 0 0 0 0 0 0 1 0 0 0 1 0 0 0 0 1 0 0 0 1 0 0 0 1 0 0 0 0 0 0 0 1 0 0 0 0 1 0 0 0 1 0 0 0 1 0 0 0 1 0 0 0 0 1 0 0 2 2 2 1 1 2 1 1 1 3 0 1 2 2 1 1 0 2 1 1 1 0 2 0 1 1 3 1 1 0 3 1 1 1 3 0 1 2 2 1 1 0 1 0 1 1 1 3 0 1 1 3 1 1 0 3 1 1 1 2 1 1 2 2 1 0 0 1 1 1 1 1 2 1 1 1 3 1 0 1 3 1 1 1 2 1 0 1 2 2 1 0 1 1 1 1 1 2 1 1 1 3 1 0 1 3 1 1 0 1 2 1 1 2 2 0 1 1 1 1 1 0 3 1 1 1 3 0 1 1 0 3 1 1 0 3 1 1 2 2 0 1 1 1 1 1 0 3 1 1 1 3 0 0 1 1 3 1 1 0 3 1 1 2 1 1 1 1 1 1 0 1 3 1 0 1 1 2 1 1 1 3 1 0 2 2 1 1 1 1 1 1 1 2 1 0 0 1 3 1 1 1 2 1 1 1 3 1 0 2 2 1 1 1 1 1 1 0 1 2 0 1 1 3 1 1 0 3 1 1 2 4 1 2 3 2 2 2 1 0 2 1 2 2 3 2 2 1 4 2 2 1 4 1 2 2 4 1 3 1 3 0 2 3
time: 50000
6 1 501
6 2 501
6 3 501
6 4 501
6 5 501
6 6 21 0 0 0 1 0 0 0 1 0 0 0 1 0 0 0 1 0 0 0 0 0 0 0 0 1 0 0 0 1 0 0 0 1 0 0 0 1 0 0 0 1 0 0 0 0 0 0 0 0 1 0 0 0 1 0 0 0 1 0 0 0 1 0 0 0 0 1 0 0 0 0 0 0 0 1 0 0 0 1 0 0 0 1 0 0 0 0 1 0 0 0 1 0 0 0 0 0 0 0 1 0 0 0 1 0 0 0 1 0 0 0 0 1 0 0 0 1 0 0 0 0 0 0 0 1 0 0 0 1 0 0 0 0 1 0 0 0 1 0 0 0 1 0 0 0 0 0 0 0 1 0 0 0 0 1 0 0 0 1 0 0 0 1 0 0 0 1 0 0 0 0 1 0 0 2 2 2 1 1 2 1 1 1 3 0 1 2 2 1 1 0 2 1 1 1 0 2 0 1 1 3 1 1 0 3 1 1 1 3 0 1 2 2 1 1 0 1 0 1 1 1 3 0 1 1 3 1 1 0 3 1 1 1 2 1 1 2 2 1 0 0 1 1 1 1 1 2 1 1 1 3 1 0 1 3 1 1 1 2 1 0 1 2 2 1 0 1 1 1 1 1 2 1 1 1 3 1 1 2 3 2 2 0 2 3 2 1 3 3 1 2 2 1 2 2 1 4 2 1 2 4 1 2 2 0 3 2 2 1 4 1 2 3 3 1 2 1 2 2 2 1 4 1 2 2 4 0 1 2 1 4 2 2 1 4 1 2 3 2 2 2 1 2 2 1 2 4 1 0 2 2 3 2 2 1 4 2 1 3 2 2 2 2 2 2 1 2 3 2 1 0 2 3 2 2 2 3 2 1 2 4 2 1 3 2 2 2 2 2 2 1 0 2 3 1 2 2 3 2 2 1 4 2 1 2 4 1 2 3 2 2 2 1 0 2 1 2 2 3 2 2 1 4 2 2 1 4 1 2 2 4 1 3 1 3 0 2 3
time: 60000
6 1 601
6 2 601
6 3 601
6 4 601
6 5 601
6 6 21 0 0 0 1 0 0 0 1 0 0 0 1 0 0 0 1 0 0 0 0 0 0 0 0 1 0 0 0 1 0 0 0 1 0 0 0 1 0 0 0 1 0 0 0 0 0 0 0 0 1 0 0 0 1 0 0 0 1 0 0 0 1 0 0 0 0 1 0 0 0 0 0 0 0 1 0 0 0 1 0 0 0 1 0 0 0 0 1 0 0 0 1 0 0 0 0 0 0 0 1 0 0 0 1 0 0 0 1 0 0 0 0 1 0 0 0 1 0 0 0 0 0 0 0 1 0 0 0 1 0 0 0 0 1 0 0 0 1 0 0 0 1 0 0 0 0 0 0 0 1 0 0 0 0 1 0 0 0 1 0 0 0 1 0 0 0 1 0 0 0 0 1 0 0 3 2 4 3 3 3 3 2 2 4 1 2 4 2 2 3 1 3 3 1 2 0 4 1 3 2 3 2 2 1 4 1 2 3 4 1 2 3 3 2 2 2 2 0 1 2 3 4 1 3 1 4 2 2 1 4 1 2 3 3 2 2 3 3 2 0 1 3 2 1 2 2 3 2 2 1 4 2 1 2 3 2 2 2 3 2 0 1 3 3 2 1 2 1 2 2 2 3 2 1 2 4 2 1 2 3 2 2 0 2 3 2 1 3 3 1 2 2 1 2 2 1 4 2 1 2 4 1 2 2 0 3 2 2 1 4 1 2 3 3 1 2 1 2 2 2 1 4 1 2 2 4 0 1 2 1 4 2 2 1 4 1 2 3 2 2 2 1 2 2 1 2 4 1 0 2 2 3 2 2 1 4 2 1 3 2 2 2 2 2 2 1 2 3 2 1 0 2 3 2 2 2 3 2 1 2 4 2 1 3 2 2 2 2 2 2 1 0 2 3 1 2 2 3 2 2 1 4 2 1 2 4 1 2 3 2 2 2 1 0 2 1 2 2 3 2 2 1 4 2 2 1 4 1 2 2 4 1 3 1 3 0 2 3
time: 70000
6 1 701
6 2 701
6 3 701
6 4 701
6 5 701
6 6 21 0 0 0 1 0 0 0 1 0 0 0 1 0 0 0 1 0 0 0 0 0 0 0 0 1 0 0 0 1 0 0 0 1 0 0 0 1 0 0 0 1 0 0 0 0 0 0 0 0 1 0 0 0 1 0 0 0 1 0 0 0 1 0 0 0 0 1 0 0 0 0 0 0 0 1 0 0 0 1 0 0 0 1 0 0 0 0 1 0 0 0 1 0 0 0 0 0 0 0 1 0 0 0 1 0 0 0 1 0 0 0 0 1 0 0 0 1 0 0 0 0 0 0 0 1 0 0 0 1 0 0 0 0 1 0 0 0 1 0 0 0 1 0 0 0 0 0 0 0 1 0 0 0 0 1 0 0 0 1 0 0 0 1 0 0 0 1 0 0 0 0 1 0 0 3 2 4 3 3 3 3 2 2 4 1 2 4 2 2 3 1 3 3 1 2 0 4 1 3 2 3 2 2 1 4 1 2 3 4 1 2 3 3 2 2 2 2 0 1 2 3 4 1 3 1 4 2 2 1 4 1 2 3 3 2 2 3 3 2 0 1 3 2 1 2 3 3 2 3 1 4 2 1 2 3 2 2 3 3 2 0 1 4 3 2 1 3 1 2 3 2 3 2 1 2 4 2 1 3 3 2 2 0 3 3 2 1 4 3 1 2 3 1 2 3 1 4 2 1 2 4 1 2 3 0 3 2 2 2 4 1 2 4 3 1 2 2 2 2 3 1 4 1 2 2 4 0 1 2 2 4 2 2 2 4 1 2 4 2 2 2 2 2 2 2 2 4 1 0 2 2 3 2 2 2 4 2 1 4 2 2 2 3 2 2 1 4 4 2 3 0 3 4 3 3 2 4 3 2 4 5 2 2 5 3 3 2 4 3 3 2 0 4 3 2 4 3 4 3 2 2 5 3 2 4 4 2 3 5 3 3 2 3 0 3 2 3 4 3 3 4 2 5 3 2 2 5 2 4 3 4 3 4 3 6 0 3 6
time: 80000
6 1 801
6 2 801
6 3 801
6 4 801
6 5 801
6 6 21 0 0 0 1 0 0 0 1 0 0 0 1 0 0 0 1 0 0 0 0 0 0 0 0 1 0 0 0 1 0 0 0 1 0 0 0 1 0 0 0 1 0 0 0 0 0 0 0 0 1 0 0 0 1 0 0 0 1 0 0 0 1 0 0 0 0 1 0 0 0 0 0 0 0 1 0 0 0 1 0 0 0 1 0 0 0 0 1 0 0 0 1 0 0 0 0 0 0 0 1 0 0 0 1 0 0 0 1 0 0 0 0 1 0 0 0 1 0 0 0 0 0 0 0 1 0 0 0 1 0 0 0 0 1 0 0 0 1 0 0 0 1 0 0 0 0 0 0 0 1 0 0 0 0 1 0 0 0 1 0 0 0 1 0 0 0 1 0 0 0 0 1 0 0 3 2 4 3 3 3 3 2 2 4 1 2 4 2 2 3 1 3 3 1 2 0 4 1 3 2 3 2 2 1 4 1 2 3 4 1 2 3 3 2 2 2 2 0 1 2 3 4 1 3 1 4 2 2 1 4 1 2 3 3 2 2 3 3 2 0 1 4 3 2 3 3 4 3 4 2 5 2 2 3 4 3 3 3 4 3 0 2 5 4 2 2 4 2 3 4 2 4 3 2 3 5 2 2 4 4 3 2 0 4 4 3 2 5 3 2 3 4 2 3 3 2 5 3 2 3 4 2 3 4 0 4 3 2 3 5 2 3 5 3 2 3 3 3 3 3 2 5 2 3 3 4 0 2 3 3 5 3 2 3 5 2 3 4 3 3 3 3 3 2 3 3 5 2 0 3 2 4 3 3 3 5 2 2 5 3 3 3 3 3 3 2 4 4 2 3 0 3 4 3 3 2 4 3 2 4 5 2 2 5 3 3 2 4 3 3 2 0 4 3 2 4 3 4 3 2 2 5 3 2 4 4 2 3 5 3 3 2 3 0 3 2 3 4 3 3 4 2 5 3 2 2 5 2 4 3 4 3 4 3 6 0 3 6
time: 90000
6 1 901
6 2 901
6 3 901
6 4 901
6 5 901
6 6 21 0 0 0 1 0 0 0 1 0 0 0 1 0 0 0 1 0 0 0 0 0 0 0 0 1 0 0 0 1 0 0 0 1 0 0 0 1 0 0 0 1 0 0 0 0 0 0 0 0 1 0 0 0 1 0 0 0 1 0 0 0 1 0 0 0 0 1 0 0 0 0 0 0 0 1 0 0 0 1 0 0 0 1 0 0 0 0 1 0 0 0 1 0 0 0 0 0 0 0 1 0 0 0 1 0 0 0 1 0 0 0 0 1 0 0 0 1 0 0 0 0 0 0 0 1 0 0 0 1 0 0 0 0 1 0 0 0 1 0 0 0 1 0 0 0 0 0 0 0 1 0 0 0 0 1 0 0 0 1 0 0 0 1 0 0 0 1 0 0 0 0 1 0 0 3 2 4 3 3 3 3 2 2 4 2 5 6 4 5 3 2 4 4 3 3 0 5 2 5 4 4 3 2 2 6 2 4 4 5 2 3 5 4 4 2 3 3 0 2 3 4 5 2 4 3 5 3 3 2 5 3 3 4 4 3 3 4 4 2 0 3 4 3 3 3 3 5 3 4 3 5 3 2 3 4 3 3 3 4 3 0 3 5 4 2 3 4 2 3 5 2 4 3 3 3 5 3 2 4 4 3 2 0 4 4 3 3 5 3 2 4 4 2 3 4 2 5 3 3 3 4 3 3 4 0 4 3 2 3 5 2 4 5 3 2 4 3 3 3 4 2 5 2 4 3 4 0 3 3 3 5 3 2 3 5 2 4 4 3 3 4 3 3 2 4 3 5 2 0 4 2 4 4 3 3 5 2 2 5 3 3 4 3 3 3 3 4 4 2 4 0 3 4 4 3 2 4 4 2 4 5 2 2 5 3 3 3 4 3 3 3 0 4 3 2 5 3 4 4 2 2 5 3 2 4 4 2 4 5 3 3 2 3 0 3 2 3 4 3 3 4 2 5 3 2 2 5 2 4 3 4 3 4 3 6 0 3 6
time: 100000
6 1 1001
6 2 1001
6 3 1001
6 4 1001
6 5 1001
6 6 21 0 0 0 1 0 0 0 1 0 0 0 1 0 0 0 1 0 0 0 0 0 0 0 0 1 0 0 0 1 0 0 0 1 0 0 0 1 0 0 0 1 0 0 0 0 0 0 0 0 1 0 0 0 1 0 0 0 1 0 0 0 1 0 0 0 0 1 0 0 0 0 0 0 0 1 0 0 0 1 0 0 0 1 0 0 0 0 1 0 0 0 1 0 0 0 0 0 0 0 1 0 0 0 1 0 0 0 1 0 0 0 0 1 0 0 0 1 0 0 0 0 0 0 0 1 0 0 0 1 0 0 0 0 1 0 0 0 1 0 0 0 1 0 0 0 0 0 0 0 1 0 0 0 0 1 0 0 0 1 0 0 0 1 0 0 0 1 0 0 0 0 1 0 0 3 2 4 3 3 3 3 2 2 4 2 5 6 4 5 3 2 4 4 3 3 0 5 2 5 4 4 3 2 2 6 2 4 4 5 2 3 5 4 4 2 3 3 0 2 3 4 5 2 4 3 5 3 3 2 5 3 3 4 4 3 3 4 4 2 0 3 4 3 3 3 3 5 3 4 3 5 3 2 3 4 3 3 3 4 3 0 3 5 4 2 3 4 2 3 5 2 4 3 3 3 5 3 2 4 4 3 2 0 4 4 3 3 5 3 2 4 4 2 3 4 2 5 3 3 3 4 3 3 4 0 4 3 2 3 5 2 4 5 3 2 4 3 3 3 4 2 5 2 4 3 5 0 4 4 4 5 4 3 4 6 3 4 5 4 4 5 4 3 3 5 4 6 3 0 4 3 5 5 4 4 5 3 3 6 4 3 5 4 4 4 4 4 5 3 5 0 4 5 4 4 3 5 5 3 4 6 3 3 6 4 3 4 5 4 4 4 0 4 4 3 6 4 5 4 3 3 6 4 3 4 5 3 5 6 3 5 3 4 0 5 3 4 6 4 4 5 4 6 5 5 3 8 10 4 3 4 3 4 3 6 0 3 6
time: 110000
6 1 1101
6 2 1101
6 3 1101
6 4 1101
6 5 1101
6 6 21 0 0 0 1 0 0 0 1 0 0 0 1 0 0 0 1 0 0 0 0 0 0 0 0 1 0 0 0 1 0 0 0 1 0 0 0 1 0 0 0 1 0 0 0 0 0 0 0 0 1 0 0 0 1 0 0 0 1 0 0 0 1 0 0 0 0 1 0 0 0 0 0 0 0 1 0 0 0 1 0 0 0 1 0 0 0 0 1 0 0 0 1 0 0 0 0 0 0 0 1 0 0 0 1 0 0 0 1 0 0 0 0 1 0 0 0 1 0 0 0 0 0 0 0 1 0 0 0 1 0 0 0 0 1 0 0 0 1 0 0 0 1 0 0 0 0 0 0 0 1 0 0 0 0 1 0 0 0 1 0 0 0 1 0 0 0 1 0 0 0 0 1 0 0 3 2 4 3 3 3 3 2 2 4 2 5 6 4 5 3 2 4 4 3 3 0 5 2 5 4 4 3 3 5 7 3 4 5 6 3 4 6 4 5 3 4 4 0 3 3 5 6 3 5 4 5 4 4 3 6 4 3 5 5 4 4 5 4 3 0 4 5 4 4 3 4 6 4 5 4 5 4 3 4 5 3 4 4 5 4 0 4 5 5 3 4 5 3 3 6 3 5 4 4 3 6 4 3 5 5 3 3 0 5 5 4 4 5 4 3 5 5 3 3 5 3 6 4 4 3 5 4 4 5 0 4 4 3 4 6 3 4 6 4 3 5 4 3 4 5 3 6 3 4 4 5 0 4 4 4 5 4 3 4 6 3 4 5 4 4 5 4 3 3 5 4 6 3 0 4 3 5 5 4 4 5 3 3 6 4 3 5 4 4 4 4 4 5 3 5 0 4 5 4 4 3 5 5 3 4 6 3 3 6 4 3 4 5 4 4 4 0 4 4 3 6 4 5 4 3 3 6 4 3 4 5 3 5 6 3 5 3 4 0 5 3 4 6 4 4 5 4 6 5 5 3 8 10 4 3 4 3 4 3 6 0 3 6
time: 120000
6 1 1201
6 2 1201
6 3 1201
6 4 1201
6 5 1201
6 6 21 0 0 0 1 0 0 0 1 0 0 0 1 0 0 0 1 0 0 0 0 0 0 0 0 1 0 0 0 1 0 0 0 1 0 0 0 1 0 0 0 1 0 0 0 0 0 0 0 0 1 0 0 0 1 0 0 0 1 0 0 0 1 0 0 0 0 1 0 0 0 0 0 0 0 1 0 0 0 1 0 0 0 1 0 0 0 0 1 0 0 0 1 0 0 0 0 0 0 0 1 0 0 0 1 0 0 0 1 0 0 0 0 1 0 0 0 1 0 0 0 0 0 0 0 1 0 0 0 1 0 0 0 0 1 0 0 0 1 0 0 0 1 0 0 0 0 0 0 0 1 0 0 0 0 1 0 0 0 1 0 0 0 1 0 0 0 1 0 0 0 0 1 0 0 3 2 4 3 3 3 3 2 2 4 2 5 6 4 5 3 2 4 4 3 3 0 5 2 5 4 4 3 3 9 7 3 5 6 7 5 4 6 4 5 4 4 5 0 3 4 5 7 4 5 4 5 4 5 3 7 4 4 5 6 5 4 5 4 3 0 5 5 5 4 4 4 7 5 5 4 5 4 4 4 6 3 5 4 6 5 0 4 5 5 3 4 5 4 3 6 4 5 4 5 3 6 5 3 6 5 3 3 0 5 5 4 5 5 4 4 5 5 4 3 5 4 6 5 4 3 5 4 4 5 0 5 4 3 5 6 3 5 6 5 3 5 5 3 4 5 3 6 3 5 4 5 0 5 4 4 6 4 4 4 6 3 4 5 4 5 5 4 4 3 5 5 6 3 0 5 3 6 5 4 4 5 3 3 7 4 4 5 5 4 8 17 5 6 4 6 0 6 11 19 4 3 5 5 3 4 6 3 3 6 4 3 4 5 4 4 4 0 4 4 3 6 4 5 4 3 3 6 4 3 4 5 3 5 6 3 5 3 4 0 5 3 4 6 4 4 5 4 6 5 5 3 8 10 4 3 4 3 4 3 6 0 3 6
time: 130000
6 1 1301
6 2 1301
6 3 1301
6 4 1301
6 5 1301
6 6 21 0 0 0 1 0 0 0 1 0 0 0 1 0 0 0 1 0 0 0 0 0 0 0 0 1 0 0 0 1 0 0 0 1 0 0 0 1 0 0 0 1 0 0 0 0 0 0 0 0 1 0 0 0 1 0 0 0 1 0 0 0 1 0 0 0 0 1 0 0 0 0 0 0 0 1 0 0 0 1 0 0 0 1 0 0 0 0 1 0 0 0 1 0 0 0 0 0 0 0 1 0 0 0 1 0 0 0 1 0 0 0 0 1 0 0 0 1 0 0 0 0 0 0 0 1 0 0 0 1 0 0 0 0 1 0 0 0 1 0 0 0 1 0 0 0 0 0 0 0 1 0 0 0 0 1 0 0 0 1 0 0 0 1 0 0 0 1 0 0 0 0 1 0 0 3 2 4 3 3 3 3 2 2 4 2 5 6 4 5 3 2 4 4 3 3 0 5 2 5 4 4 3 3 9 7 3 5 6 7 5 4 6 4 5 4 4 5 0 3 4 5 7 4 5 4 5 4 5 3 7 4 4 5 6 5 4 5 4 3 0 5 5 5 4 4 4 7 5 5 4 5 4 4 4 6 3 5 4 6 5 0 4 5 5 3 4 5 4 3 6 4 5 4 5 3 6 5 3 6 5 3 3 0 5 5 4 5 5 5 4 6 6 5 4 6 4 7 6 5 4 6 4 5 6 0 6 5 4 5 7 4 6 7 6 3 6 6 4 5 6 3 7 4 6 5 6 0 5 5 5 7 5 4 5 7 4 5 6 4 6 6 5 5 4 5 6 7 4 0 6 4 6 6 5 5 6 4 3 8 5 5 6 6 4 18 47 5 6 4 6 0 6 11 19 4 3 5 5 3 4 6 3 3 6 4 3 4 5 4 4 4 0 4 4 3 6 4 5 4 3 3 6 4 3 4 5 3 5 6 3 5 3 4 0 5 3 4 6 4 4 5 4 6 5 5 3 8 10 4 3 4 3 4 3 6 0 3 6
time: 140000
6 1 1401
6 2 1401
6 3 1401
6 4 1401
6 5 1401
6 6 21 0 0 0 1 0 0 0 1 0 0 0 1 0 0 0 1 0 0 0 0 0 0 0 0 1 0 0 0 1 0 0 0 1 0 0 0 1 0 0 0 1 0 0 0 0 0 0 0 0 1 0 0 0 1 0 0 0 1 0 0 0 1 0 0 0 0 1 0 0 0 0 0 0 0 1 0 0 0 1 0 0 0 1 0 0 0 0 1 0 0 0 1 0 0 0 0 0 0 0 1 0 0 0 1 0 0 0 1 0 0 0 0 1 0 0 0 1 0 0 0 0 0 0 0 1 0 0 0 1 0 0 0 0 1 0 0 0 1 0 0 0 1 0 0 0 0 0 0 0 1 0 0 0 0 1 0 0 0 1 0 0 0 1 0 0 0 1 0 0 0 0 1 0 0 3 2 4 3 3 3 3 2 2 4 2 5 6 4 5 3 2 4 4 3 3 0 5 2 5 4 4 3 3 9 7 3 5 6 7 5 4 6 4 5 4 4 5 0 3 4 5 7 4 7 12 7 7 5 4 9 6 6 7 7 6 5 6 5 5 0 5 7 6 6 5 6 8 6 6 5 6 6 4 6 7 5 6 6 7 6 0 5 6 6 5 4 7 5 5 7 6 6 5 6 4 7 7 3 8 6 5 4 0 6 7 5 6 6 5 5 6 7 5 5 7 4 8 6 5 4 6 5 5 7 0 6 6 5 5 7 4 6 8 6 4 6 7 4 5 6 3 7 4 6 5 6 0 5 5 5 7 5 4 5 7 4 5 6 4 6 6 5 5 4 5 6 7 4 0 6 4 6 6 5 5 6 4 3 8 5 5 6 6 4 18 47 5 6 4 6 0 6 11 19 4 3 5 5 3 4 6 3 3 6 4 3 4 5 4 4 4 0 4 4 3 6 4 5 4 3 3 6 4 3 4 5 3 5 6 3 5 3 4 0 5 3 4 6 4 4 5 4 6 5 5 3 8 10 4 3 4 3 4 3 6 0 3 6
time: 150000
6 1 1501
6 2 1501
6 3 1501
6 4 1501
6 5 1501
6 6 21 0 0 0 1 0 0 0 1 0 0 0 1 0 0 0 1 0 0 0 0 0 0 0 0 1 0 0 0 1 0 0 0 1 0 0 0 1 0 0 0 1 0 0 0 0 0 0 0 0 1 0 0 0 1 0 0 0 1 0 0 0 1 0 0 0 0 1 0 0 0 0 0 0 0 1 0 0 0 1 0 0 0 1 0 0 0 0 1 0 0 0 1 0 0 0 0 0 0 0 1 0 0 0 1 0 0 0 1 0 0 0 0 1 0 0 0 1 0 0 0 0 0 0 0 1 0 0 0 1 0 0 0 0 1 0 0 0 1 0 0 0 1 0 0 0 0 0 0 0 1 0 0 0 0 1 0 0 0 1 0 0 0 1 0 0 0 1 0 0 0 0 1 0 0 3 2 4 3 3 3 3 2 2 4 2 5 6 4 5 3 2 4 4 3 3 0 5 2 5 4 4 3 3 9 7 3 5 6 7 5 4 6 4 5 4 4 5 0 3 4 5 7 4 7 12 7 7 5 4 9 6 6 7 7 6 5 6 5 5 0 5 7 6 6 5 6 8 6 6 5 6 6 4 6 7 5 6 6 7 6 0 5 6 6 5 4 7 5 5 7 6 6 5 6 4 7 7 3 8 6 5 4 0 6 7 5 6 6 5 5 6 7 5 5 7 4 8 6 5 4 6 5 5 7 0 6 6 5 5 7 4 6 8 6 4 6 7 4 6 7 3 7 4 6 6 6 0 6 5 19 52 7 6 5 8 5 6 8 5 7 7 7 6 6 6 7 8 5 0 8 6 7 9 6 7 11 4 3 8 5 5 6 6 4 18 47 5 6 4 6 0 6 11 19 4 3 5 5 3 4 6 3 3 6 4 3 4 5 4 4 4 0 4 4 3 6 4 5 4 3 3 6 4 3 4 5 3 5 6 3 5 3 4 0 5 3 4 6 4 4 5 4 6 5 5 3 8 10 4 3 4 3 4 3 6 0 3 6
time: 160000
6 1 1601
6 2 1601
6 3 1601
6 4 1601
6 5 1601
6 6 21 0 0 0 1 0 0 0 1 0 0 0 1 0 0 0 1 0 0 0 0 0 0 0 0 1 0 0 0 1 0 0 0 1 0 0 0 1 0 0 0 1 0 0 0 0 0 0 0 0 1 0 0 0 1 0 0 0 1 0 0 0 1 0 0 0 0 1 0 0 0 0 0 0 0 1 0 0 0 1 0 0 0 1 0 0 0 0 1 0 0 0 1 0 0 0 0 0 0 0 1 0 0 0 1 0 0 0 1 0 0 0 0 1 0 0 0 1 0 0 0 0 0 0 0 1 0 0 0 1 0 0 0 0 1 0 0 0 1 0 0 0 1 0 0 0 0 0 0 0 1 0 0 0 0 1 0 0 0 1 0 0 0 1 0 0 0 1 0 0 0 0 1 0 0 3 2 4 3 3 3 3 2 2 4 2 5 6 4 5 3 2 4 4 3 3 0 5 2 5 4 4 3 3 9 7 3 5 6 7 5 4 6 4 5 4 4 5 0 3 4 5 7 4 7 12 7 7 5 4 9 6 6 7 7 6 5 6 5 5 0 5 7 6 6 5 6 8 6 6 5 6 6 4 6 7 5 6 6 7 6 0 5 6 6 5 4 7 5 5 7 6 6 5 6 4 7 7 3 8 6 5 4 0 6 7 5 6 6 5 5 6 7 5 5 7 4 8 6 5 4 6 5 5 7 0 6 6 5 5 7 4 20 60 7 4 7 8 5 7 8 3 8 5 7 7 7 0 6 6 24 69 7 6 5 8 5 6 8 5 7 7 7 6 6 6 7 8 5 0 8 6 7 9 6 7 11 4 3 8 5 5 6 6 4 18 47 5 6 4 6 0 6 11 19 4 3 5 5 3 4 6 3 3 6 4 3 4 5 4 4 4 0 4 4 3 6 4 5 4 3 3 6 4 3 4 5 3 5 6 3 5 3 4 0 5 3 4 6 4 4 5 4 6 5 5 3 8 10 4 3 4 3 4 3 6 0 3 6
time: 170000
6 1 1701
6 2 1701
6 3 1701
6 4 1701
6 5 1701
6 6 21 0 0 0 1 0 0 0 1 0 0 0 1 0 0 0 1 0 0 0 0 0 0 0 0 1 0 0 0 1 0 0 0 1 0 0 0 1 0 0 0 1 0 0 0 0 0 0 0 0 1 0 0 0 1 0 0 0 1 0 0 0 1 0 0 0 0 1 0 0 0 0 0 0 0 1 0 0 0 1 0 0 0 1 0 0 0 0 1 0 0 0 1 0 0 0 0 0 0 0 1 0 0 0 1 0 0 0 1 0 0 0 0 1 0 0 0 1 0 0 0 0 0 0 0 1 0 0 0 1 0 0 0 0 1 0 0 0 1 0 0 0 1 0 0 0 0 0 0 0 1 0 0 0 0 1 0 0 0 1 0 0 0 1 0 0 0 1 0 0 0 0 1 0 0 3 2 4 3 3 3 3 2 2 4 2 5 6 4 5 3 2 4 4 3 3 0 5 2 5 4 4 3 3 9 7 3 5 6 7 5 4 6 4 5 4 4 5 0 3 4 5 7 4 7 12 7 7 5 4 9 6 6 7 7 6 5 6 5 5 0 5 7 6 6 5 6 8 6 6 5 6 6 4 6 7 5 6 6 7 6 0 5 6 6 5 4 7 5 5 7 6 6 5 6 4 7 7 3 8 6 5 4 0 6 7 5 6 6 5 5 6 7 5 9 19 5 9 8 7 7 6 6 7 9 0 8 9 5 6 9 5 25 69 8 4 8 9 5 7 8 3 9 5 8 7 8 0 6 7 25 69 7 6 5 9 5 7 8 6 7 8 8 6 6 6 7 9 5 0 9 6 8 9 7 8 11 4 3 8 6 5 7 6 5 18 48 6 6 4 6 0 6 12 19 5 3 6 5 4 5 6 3 3 6 5 3 5 5 5 5 4 0 4 4 3 7 4 6 4 4 3 7 5 3 4 5 3 6 6 4 5 4 4 0 7 3 4 7 5 5 7 4 6 5 5 3 8 10 4 3 4 3 4 3 6 0 3 6
time: 180000
6 1 1801
6 2 1801
6 3 1801
6 4 1801
6 5 1801
6 6 21 0 0 0 1 0 0 0 1 0 0 0 1 0 0 0 1 0 0 0 0 0 0 0 0 1 0 0 0 1 0 0 0 1 0 0 0 1 0 0 0 1 0 0 0 0 0 0 0 0 1 0 0 0 1 0 0 0 1 0 0 0 1 0 0 0 0 1 0 0 0 0 0 0 0 1 0 0 0 1 0 0 0 1 0 0 0 0 1 0 0 0 1 0 0 0 0 0 0 0 1 0 0 0 1 0 0 0 1 0 0 0 0 1 0 0 0 1 0 0 0 0 0 0 0 1 0 0 0 1 0 0 0 0 1 0 0 0 1 0 0 0 1 0 0 0 0 0 0 0 1 0 0 0 0 1 0 0 0 1 0 0 0 1 0 0 0 1 0 0 0 0 1 0 0 3 2 4 3 3 3 3 2 2 4 2 5 6 4 5 3 2 4 4 3 3 0 5 2 5 4 4 3 3 9 7 3 5 6 7 5 4 6 4 5 4 4 5 0 3 4 5 7 4 7 12 7 7 5 4 9 6 6 7 7 6 5 6 5 5 0 5 7 6 6 5 6 8 6 6 5 6 6 4 6 7 5 6 6 7 6 0 5 6 6 5 4 7 5 5 7 6 6 5 6 4 7 7 3 8 6 5 4 0 6 7 5 6 6 5 5 6 7 5 9 19 5 9 8 7 7 6 6 7 9 0 8 9 5 6 9 5 25 69 8 4 8 9 5 7 8 3 9 5 8 7 8 0 6 7 25 69 9 16 6 9 6 8 9 7 8 8 9 7 7 7 8 9 6 0 10 7 9 10 7 9 12 5 4 9 6 6 8 7 6 18 49 7 7 5 7 0 6 13 20 6 4 7 5 5 6 7 4 4 6 6 4 6 6 6 5 5 0 5 5 4 8 4 7 5 5 4 8 5 4 5 6 4 7 6 5 6 5 5 0 8 3 5 8 6 6 7 5 7 7 7 5 11 18 4 3 4 3 4 3 6 0 3 6
time: 190000
6 1 1901
6 2 1901
6 3 1901
6 4 1901
6 5 1901
6 6 21 0 0 0 1 0 0 0 1 0 0 0 1 0 0 0 1 0 0 0 0 0 0 0 0 1 0 0 0 1 0 0 0 1 0 0 0 1 0 0 0 1 0 0 0 0 0 0 0 0 1 0 0 0 1 0 0 0 1 0 0 0 1 0 0 0 0 1 0 0 0 0 0 0 0 1 0 0 0 1 0 0 0 1 0 0 0 0 1 0 0 0 1 0 0 0 0 0 0 0 1 0 0 0 1 0 0 0 1 0 0 0 0 1 0 0 0 1 0 0 0 0 0 0 0 1 0 0 0 1 0 0 0 0 1 0 0 0 1 0 0 0 1 0 0 0 0 0 0 0 1 0 0 0 0 1 0 0 0 1 0 0 0 1 0 0 0 1 0 0 0 0 1 0 0 3 2 4 3 3 3 3 2 2 4 2 5 6 4 5 3 2 4 4 3 3 0 5 2 5 4 4 3 3 9 7 3 5 6 7 5 4 6 4 5 4 4 5 0 3 4 5 7 4 7 12 7 7 5 4 9 6 6 7 7 6 5 6 5 5 0 5 7 6 6 5 6 8 6 6 5 6 6 4 6 7 5 6 6 7 6 0 5 6 6 5 4 7 5 5 7 6 6 5 6 4 7 7 3 8 6 5 4 0 6 7 5 6 6 5 5 6 7 5 9 19 5 9 8 7 7 6 6 7 9 0 8 9 5 6 9 5 25 69 8 4 8 9 5 7 8 3 9 5 8 7 8 0 6 7 25 69 24 75 32 9 6 8 9 7 8 8 9 7 7 7 8 9 6 0 10 7 9 10 7 9 12 5 4 9 6 6 8 7 6 18 49 7 7 5 7 0 6 13 20 6 4 7 5 5 6 7 4 4 6 6 4 6 6 6 5 5 0 5 5 4 8 4 7 5 5 4 8 5 4 5 6 4 7 6 5 6 5 5 0 8 3 5 8 6 6 7 5 7 7 7 5 11 18 4 3 4 3 4 3 6 0 3 6
time: 200000
6 1 2001
6 2 2001
6 3 2001
6 4 2001
6 5 2001
6 6 21 0 0 0 1 0 0 0 1 0 0 0 1 0 0 0 1 0 0 0 0 0 0 0 0 1 0 0 0 1 0 0 0 1 0 0 0 1 0 0 0 1 0 0 0 0 0 0 0 0 1 0 0 0 1 0 0 0 1 0 0 0 1 0 0 0 0 1 0 0 0 0 0 0 0 1 0 0 0 1 0 0 0 1 0 0 0 0 1 0 0 0 1 0 0 0 0 0 0 0 1 0 0 0 1 0 0 0 1 0 0 0 0 1 0 0 0 1 0 0 0 0 0 0 0 1 0 0 0 1 0 0 0 0 1 0 0 0 1 0 0 0 1 0 0 0 0 0 0 0 1 0 0 0 0 1 0 0 0 1 0 0 0 1 0 0 0 1 0 0 0 0 1 0 0 3 2 4 3 3 3 3 2 2 4 2 5 6 4 5 3 2 4 4 3 3 0 5 2 5 4 4 3 3 9 7 3 5 6 7 5 4 6 4 5 4 4 5 0 3 4 5 7 4 7 12 7 7 5 4 9 6 6 7 7 6 5 6 5 5 0 5 7 6 6 5 6 8 6 6 5 6 6 4 6 7 5 6 6 7 6 0 5 6 6 5 4 7 5 5 7 6 6 5 6 4 7 7 3 8 6 5 4 0 6 7 5 6 6 5 5 6 7 5 9 19 5 9 8 7 7 6 6 7 9 0 8 9 5 6 9 5 32 92 10 5 11 10 6 9 10 4 12 6 9 9 10 0 6 8 26 70 25 84 67 9 6 8 9 7 8 8 9 7 7 7 8 9 6 0 10 7 9 10 7 9 12 5 4 9 6 6 8 7 6 18 49 7 7 5 7 0 6 13 20 6 4 7 5 5 6 7 4 4 6 6 4 6 6 6 5 5 0 5 5 4 8 4 7 5 5 4 8 5 4 5 6 4 7 6 5 6 5 5 0 8 3 5 8 6 6 7 5 7 7 7 5 11 18 4 3 4 3 4 3 6 0 3 6
time: 210000
6 1 2101
6 2 2101
6 3 2101
6 4 2101
6 5 2101
6 6 21 0 0 0 1 0 0 0 1 0 0 0 1 0 0 0 1 0 0 0 0 0 0 0 0 1 0 0 0 1 0 0 0 1 0 0 0 1 0 0 0 1 0 0 0 0 0 0 0 0 1 0 0 0 1 0 0 0 1 0 0 0 1 0 0 0 0 1 0 0 0 0 0 0 0 1 0 0 0 1 0 0 0 1 0 0 0 0 1 0 0 0 1 0 0 0 0 0 0 0 1 0 0 0 1 0 0 0 1 0 0 0 0 1 0 0 0 1 0 0 0 0 0 0 0 1 0 0 0 1 0 0 0 0 1 0 0 0 1 0 0 0 1 0 0 0 0 0 0 0 1 0 0 0 0 1 0 0 0 1 0 0 0 1 0 0 0 1 0 0 0 0 1 0 0 3 2 4 3 3 3 3 2 2 4 2 5 6 4 5 3 2 4 4 3 3 0 5 2 5 4 4 3 3 9 7 3 5 6 7 5 4 6 4 5 4 4 5 0 3 4 5 7 4 7 12 7 7 5 4 9 6 6 7 7 6 5 6 5 5 0 5 7 6 6 5 6 8 6 6 5 6 6 4 6 7 5 6 6 7 6 0 5 6 6 5 4 7 5 5 7 6 6 5 6 4 7 7 3 8 6 5 4 0 6 7 5 6 6 5 5 6 7 5 9 19 5 9 8 7 7 6 6 7 9 0 8 9 5 6 9 5 32 92 10 5 11 10 6 9 10 4 12 6 9 9 10 0 7 10 26 70 26 85 68 11 6 8 10 8 9 10 9 7 7 8 8 10 6 0 11 8 9 10 7 9 13 5 5 9 7 6 9 8 6 18 49 7 8 5 8 0 6 14 20 7 5 7 5 5 7 8 5 6 7 6 6 8 8 9 5 6 0 7 7 6 11 4 8 7 7 6 11 5 5 7 8 6 10 6 6 14 24 5 0 8 3 5 8 6 6 7 5 7 7 7 5 11 18 4 3 4 3 4 3 6 0 3 6
time: 220000
6 1 2201
6 2 2201
6 3 2201
6 4 2201
6 5 2201
6 6 21 0 0 0 1 0 0 0 1 0 0 0 1 0 0 0 1 0 0 0 0 0 0 0 0 1 0 0 0 1 0 0 0 1 0 0 0 1 0 0 0 1 0 0 0 0 0 0 0 0 1 0 0 0 1 0 0 0 1 0 0 0 1 0 0 0 0 1 0 0 0 0 0 0 0 1 0 0 0 1 0 0 0 1 0 0 0 0 1 0 0 0 1 0 0 0 0 0 0 0 1 0 0 0 1 0 0 0 1 0 0 0 0 1 0 0 0 1 0 0 0 0 0 0 0 1 0 0 0 1 0 0 0 0 1 0 0 0 1 0 0 0 1 0 0 0 0 0 0 0 1 0 0 0 0 1 0 0 0 1 0 0 0 1 0 0 0 1 0 0 0 0 1 0 0 3 2 4 3 3 3 3 2 2 4 2 5 6 4 5 3 2 4 4 3 3 0 5 2 5 4 4 3 3 9 7 3 5 6 7 5 4 6 4 5 4 4 5 0 3 4 5 7 4 7 12 7 7 5 4 9 6 6 7 7 6 5 6 5 5 0 5 7 6 6 5 6 8 6 6 5 6 6 4 6 7 5 6 6 7 6 0 5 6 6 5 4 7 5 5 7 6 6 5 6 4 7 7 3 8 6 5 4 0 6 7 5 6 6 5 5 6 7 5 9 19 5 9 8 7 7 6 6 7 9 0 8 9 5 6 9 5 32 92 10 5 11 10 6 9 10 4 12 6 9 9 10 0 7 10 26 70 26 85 68 11 6 22 60 9 10 10 10 8 8 9 9 10 7 0 12 9 10 11 7 10 14 6 6 10 7 7 10 9 7 19 49 8 9 6 9 0 7 14 21 8 6 8 6 5 8 9 6 7 7 6 6 8 8 9 5 6 0 7 7 6 11 4 8 7 7 6 11 5 5 7 8 6 10 6 6 14 24 5 0 8 3 5 8 6 6 7 5 7 7 7 5 11 18 4 3 4 3 4 3 6 0 3 6
time: 230000
6 1 2301
6 2 2301
6 3 2301
6 4 2301
6 5 2301
6 6 21 0 0 0 1 0 0 0 1 0 0 0 1 0 0 0 1 0 0 0 0 0 0 0 0 1 0 0 0 1 0 0 0 1 0 0 0 1 0 0 0 1 0 0 0 0 0 0 0 0 1 0 0 0 1 0 0 0 1 0 0 0 1 0 0 0 0 1 0 0 0 0 0 0 0 1 0 0 0 1 0 0 0 1 0 0 0 0 1 0 0 0 1 0 0 0 0 0 0 0 1 0 0 0 1 0 0 0 1 0 0 0 0 1 0 0 0 1 0 0 0 0 0 0 0 1 0 0 0 1 0 0 0 0 1 0 0 0 1 0 0 0 1 0 0 0 0 0 0 0 1 0 0 0 0 1 0 0 0 1 0 0 0 1 0 0 0 1 0 0 0 0 1 0 0 3 2 4 3 3 3 3 2 2 4 2 5 6 4 5 3 2 4 4 3 3 0 5 2 5 4 4 3 3 9 7 3 5 6 7 5 4 6 4 5 4 4 5 0 3 4 5 7 4 7 12 7 7 5 4 9 6 6 7 7 6 5 6 5 5 0 5 7 6 6 5 6 8 6 6 5 6 6 4 6 7 5 6 6 7 6 0 5 6 6 5 4 7 5 5 7 6 6 5 6 4 7 7 3 8 6 5 4 0 6 7 5 6 6 5 5 6 7 5 9 19 5 9 8 7 7 6 6 7 9 0 8 9 5 6 9 5 32 92 10 5 11 10 6 9 10 4 12 6 9 9 10 0 7 10 26 70 26 85 68 11 6 25 86 64 12 10 10 9 9 10 11 10 8 0 20 9 10 11 7 10 14 6 6 10 7 7 10 9 7 19 49 8 9 6 9 0 7 14 21 8 6 8 6 5 8 9 6 7 7 6 6 8 8 9 5 6 0 7 7 6 11 4 8 7 7 6 11 5 5 7 8 6 10 6 6 14 24 5 0 8 3 5 8 6 6 7 5 7 7 7 5 11 18 4 3 4 3 4 3 6 0 3 6
time: 240000
6 1 2401
6 2 2401
6 3 2401
6 4 2401
6 5 2401
6 6 21 0 0 0 1 0 0 0 1 0 0 0 1 0 0 0 1 0 0 0 0 0 0 0 0 1 0 0 0 1 0 0 0 1 0 0 0 1 0 0 0 1 0 0 0 0 0 0 0 0 1 0 0 0 1 0 0 0 1 0 0 0 1 0 0 0 0 1 0 0 0 0 0 0 0 1 0 0 0 1 0 0 0 1 0 0 0 0 1 0 0 0 1 0 0 0 0 0 0 0 1 0 0 0 1 0 0 0 1 0 0 0 0 1 0 0 0 1 0 0 0 0 0 0 0 1 0 0 0 1 0 0 0 0 1 0 0 0 1 0 0 0 1 0 0 0 0 0 0 0 1 0 0 0 0 1 0 0 0 1 0 0 0 1 0 0 0 1 0 0 0 0 1 0 0 3 2 4 3 3 3 3 2 2 4 2 5 6 4 5 3 2 4 4 3 3 0 5 2 5 4 4 3 3 9 7 3 5 6 7 5 4 6 4 5 4 4 5 0 3 4 5 7 4 7 12 7 7 5 4 9 6 6 7 7 6 5 6 5 5 0 5 7 6 6 5 6 8 6 6 5 6 6 4 6 7 5 6 6 7 6 0 5 6 6 5 4 7 5 5 7 6 6 5 6 4 7 7 3 8 6 5 4 0 6 7 5 6 6 5 5 6 7 5 9 19 5 9 8 7 7 6 6 7 9 0 8 9 5 6 9 5 32 92 10 5 11 10 6 9 10 4 12 6 9 9 10 0 7 10 26 70 26 85 68 11 6 25 86 64 12 10 10 9 9 10 11 10 18 0 52 10 12 11 7 11 15 8 6 10 8 8 11 11 7 19 50 9 20 37 10 0 8 14 21 8 6 8 6 5 8 9 6 7 7 6 6 8 8 9 5 6 0 7 7 6 11 4 8 7 7 6 11 5 5 7 8 6 10 6 6 14 24 5 0 8 3 5 8 6 6 7 5 7 7 7 5 11 18 4 3 4 3 4 3 6 0 3 6
time: 250000
6 1 2501
6 2 2501
6 3 2501
6 4 2501
6 5 2501
6 6 21 0 0 0 1 0 0 0 1 0 0 0 1 0 0 0 1 0 0 0 0 0 0 0 0 1 0 0 0 1 0 0 0 1 0 0 0 1 0 0 0 1 0 0 0 0 0 0 0 0 1 0 0 0 1 0 0 0 1 0 0 0 1 0 0 0 0 1 0 0 0 0 0 0 0 1 0 0 0 1 0 0 0 1 0 0 0 0 1 0 0 0 1 0 0 0 0 0 0 0 1 0 0 0 1 0 0 0 1 0 0 0 0 1 0 0 0 1 0 0 0 0 0 0 0 1 0 0 0 1 0 0 0 0 1 0 0 0 1 0 0 0 1 0 0 0 0 0 0 0 1 0 0 0 0 1 0 0 0 1 0 0 0 1 0 0 0 1 0 0 0 0 1 0 0 3 2 4 3 3 3 3 2 2 4 2 5 6 4 5 3 2 4 4 3 3 0 5 2 5 4 4 3 3 9 7 3 5 6 7 5 4 6 4 5 4 4 5 0 3 4 5 7 4 7 12 7 7 5 4 9 6 6 7 7 6 5 6 5 5 0 5 7 6 6 5 6 8 6 6 5 6 6 4 6 7 5 6 6 7 6 0 5 6 6 5 4 7 5 5 7 6 6 5 6 4 7 7 3 8 6 5 4 0 6 7 5 6 6 5 5 6 7 5 9 19 5 9 8 7 7 6 6 7 9 0 8 9 5 6 9 5 32 92 10 5 11 10 6 9 10 4 12 6 9 9 10 0 7 10 26 70 26 85 68 11 6 25 86 64 12 10 10 9 9 10 11 10 18 0 52 10 12 11 7 11 15 8 6 10 8 8 11 11 7 19 50 9 20 37 10 0 8 15 23 8 8 19 8 7 11 9 7 9 9 8 9 8 9 11 7 8 0 22 52 6 11 4 8 7 7 6 11 5 5 7 8 6 10 6 6 14 24 5 0 8 3 5 8 6 6 7 5 7 7 7 5 11 18 4 3 4 3 4 3 6 0 3 6
time: 260000
6 1 2601
6 2 2601
6 3 2601
6 4 2601
6 5 2601
6 6 21 0 0 0 1 0 0 0 1 0 0 0 1 0 0 0 1 0 0 0 0 0 0 0 0 1 0 0 0 1 0 0 0 1 0 0 0 1 0 0 0 1 0 0 0 0 0 0 0 0 1 0 0 0 1 0 0 0 1 0 0 0 1 0 0 0 0 1 0 0 0 0 0 0 0 1 0 0 0 1 0 0 0 1 0 0 0 0 1 0 0 0 1 0 0 0 0 0 0 0 1 0 0 0 1 0 0 0 1 0 0 0 0 1 0 0 0 1 0 0 0 0 0 0 0 1 0 0 0 1 0 0 0 0 1 0 0 0 1 0 0 0 1 0 0 0 0 0 0 0 1 0 0 0 0 1 0 0 0 1 0 0 0 1 0 0 0 1 0 0 0 0 1 0 0 3 2 4 3 3 3 3 2 2 4 2 5 6 4 5 3 2 4 4 3 3 0 5 2 5 4 4 3 3 9 7 3 5 6 7 5 4 6 4 5 4 4 5 0 3 4 5 7 4 7 12 7 7 5 4 9 6 6 7 7 6 5 6 5 5 0 5 7 6 6 5 6 8 6 6 5 6 6 4 6 7 5 6 6 7 6 0 5 6 6 5 4 7 5 5 7 6 6 5 6 4 7 7 3 8 6 5 4 0 6 7 5 6 6 5 5 6 7 5 9 19 5 9 8 7 7 6 6 7 9 0 8 9 5 6 9 5 32 92 10 5 11 10 6 9 10 4 12 6 9 9 10 0 7 10 26 70 26 85 68 11 6 25 86 64 12 10 10 9 9 10 11 10 18 0 52 10 12 11 7 11 15 8 6 10 8 8 11 11 7 19 50 9 20 37 10 0 8 15 30 34 24 70 8 7 11 9 7 9 9 8 9 8 9 11 7 8 0 22 52 6 11 4 8 7 7 6 11 5 5 7 8 6 10 6 6 14 24 5 0 8 3 5 8 6 6 7 5 7 7 7 5 11 18 4 3 4 3 4 3 6 0 3 6
time: 270000
6 1 2701
6 2 2701
6 3 2701
6 4 2701
6 5 2701
6 6 21 0 0 0 1 0 0 0 1 0 0 0 1 0 0 0 1 0 0 0 0 0 0 0 0 1 0 0 0 1 0 0 0 1 0 0 0 1 0 0 0 1 0 0 0 0 0 0 0 0 1 0 0 0 1 0 0 0 1 0 0 0 1 0 0 0 0 1 0 0 0 0 0 0 0 1 0 0 0 1 0 0 0 1 0 0 0 0 1 0 0 0 1 0 0 0 0 0 0 0 1 0 0 0 1 0 0 0 1 0 0 0 0 1 0 0 0 1 0 0 0 0 0 0 0 1 0 0 0 1 0 0 0 0 1 0 0 0 1 0 0 0 1 0 0 0 0 0 0 0 1 0 0 0 0 1 0 0 0 1 0 0 0 1 0 0 0 1 0 0 0 0 1 0 0 3 2 4 3 3 3 3 2 2 4 2 5 6 4 5 3 2 4 4 3 3 0 5 2 5 4 4 3 3 9 7 3 5 6 7 5 4 6 4 5 4 4 5 0 3 4 5 7 4 7 12 7 7 5 4 9 6 6 7 7 6 5 6 5 5 0 5 7 6 6 5 6 8 6 6 5 6 6 4 6 7 5 6 6 7 6 0 5 6 6 5 4 7 5 5 7 6 6 5 6 4 7 7 3 8 6 5 4 0 6 7 5 6 6 5 5 6 7 5 9 19 5 9 8 7 7 6 6 7 9 0 8 9 5 6 9 5 32 92 10 5 11 10 6 9 10 4 12 6 9 9 10 0 7 10 26 70 26 85 68 11 6 25 86 64 12 10 10 9 9 10 11 10 18 0 52 10 12 11 7 11 15 8 6 10 8 8 11 11 7 19 50 9 20 37 10 0 8 15 39 67 24 70 9 8 23 53 7 9 9 8 9 8 9 11 7 8 0 22 52 6 11 4 8 7 7 6 11 5 5 7 8 6 10 6 6 14 24 5 0 8 3 5 8 6 6 7 5 7 7 7 5 11 18 4 3 4 3 4 3 6 0 3 6
time: 280000
6 1 2801
6 2 2801
6 3 2801
6 4 2801
6 5 2801
6 6 21 0 0 0 1 0 0 0 1 0 0 0 1 0 0 0 1 0 0 0 0 0 0 0 0 1 0 0 0 1 0 0 0 1 0 0 0 1 0 0 0 1 0 0 0 0 0 0 0 0 1 0 0 0 1 0 0 0 1 0 0 0 1 0 0 0 0 1 0 0 0 0 0 0 0 1 0 0 0 1 0 0 0 1 0 0 0 0 1 0 0 0 1 0 0 0 0 0 0 0 1 0 0 0 1 0 0 0 1 0 0 0 0 1 0 0 0 1 0 0 0 0 0 0 0 1 0 0 0 1 0 0 0 0 1 0 0 0 1 0 0 0 1 0 0 0 0 0 0 0 1 0 0 0 0 1 0 0 0 1 0 0 0 1 0 0 0 1 0 0 0 0 1 0 0 3 2 4 3 3 3 3 2 2 4 2 5 6 4 5 3 2 4 4 3 3 0 5 2 5 4 4 3 3 9 7 3 5 6 7 5 4 6 4 5 4 4 5 0 3 4 5 7 4 7 12 7 7 5 4 9 6 6 7 7 6 5 6 5 5 0 5 7 6 6 5 6 8 6 6 5 6 6 4 6 7 5 6 6 7 6 0 5 6 6 5 4 7 5 5 7 6 6 5 6 4 7 7 3 8 6 5 4 0 6 7 5 6 6 5 5 6 7 5 9 19 5 9 8 7 7 6 6 7 9 0 8 9 5 6 9 5 32 92 10 5 11 10 6 9 10 4 12 6 9 9 10 0 7 10 26 70 26 85 68 11 6 25 86 64 12 10 10 9 9 10 11 10 18 0 52 10 12 11 7 11 15 8 6 10 8 8 11 11 7 19 50 9 20 37 10 0 8 15 39 67 24 70 9 8 27 84 72 9 9 8 9 8 9 11 7 8 0 22 52 6 11 4 8 7 7 6 11 5 5 7 8 6 10 6 6 14 24 5 0 8 3 5 8 6 6 7 5 7 7 7 5 11 18 4 3 4 3 4 3 6 0 3 6
time: 290000
6 1 2901
6 2 2901
6 3 2901
6 4 2901
6 5 2901
6 6 21 0 0 0 1 0 0 0 1 0 0 0 1 0 0 0 1 0 0 0 0 0 0 0 0 1 0 0 0 1 0 0 0 1 0 0 0 1 0 0 0 1 0 0 0 0 0 0 0 0 1 0 0 0 1 0 0 0 1 0 0 0 1 0 0 0 0 1 0 0 0 0 0 0 0 1 0 0 0 1 0 0 0 1 0 0 0 0 1 0 0 0 1 0 0 0 0 0 0 0 1 0 0 0 1 0 0 0 1 0 0 0 0 1 0 0 0 1 0 0 0 0 0 0 0 1 0 0 0 1 0 0 0 0 1 0 0 0 1 0 0 0 1 0 0 0 0 0 0 0 1 0 0 0 0 1 0 0 0 1 0 0 0 1 0 0 0 1 0 0 0 0 1 0 0 3 2 4 3 3 3 3 2 2 4 2 5 6 4 5 3 2 4 4 3 3 0 5 2 5 4 4 3 3 9 7 3 5 6 7 5 4 6 4 5 4 4 5 0 3 4 5 7 4 7 12 7 7 5 4 9 6 6 7 7 6 5 6 5 5 0 5 7 6 6 5 6 8 6 6 5 6 6 4 6 7 5 6 6 7 6 0 5 6 6 5 4 7 5 5 7 6 6 5 6 4 7 7 3 8 6 5 4 0 6 7 5 6 6 5 5 6 7 5 9 19 5 9 8 7 7 6 6 7 9 0 8 9 5 6 9 5 32 92 10 5 11 10 6 9 10 4 12 6 9 9 10 0 7 10 26 70 26 85 68 11 6 25 86 64 12 10 10 9 9 10 11 10 18 0 52 10 12 11 7 11 15 8 6 10 8 8 11 11 7 19 50 9 20 37 10 0 8 15 39 67 24 70 9 8 27 106 150 9 9 8 9 8 9 11 7 8 0 22 52 6 11 4 8 7 7 6 11 5 5 7 8 6 10 6 6 14 24 5 0 8 3 5 8 6 6 7 5 7 7 7 5 11 18 4 3 4 3 4 3 6 0 3 6
time: 300000
6 1 3001
6 2 3001
6 3 3001
6 4 3001
6 5 3001
6 6 21 0 0 0 1 0 0 0 1 0 0 0 1 0 0 0 1 0 0 0 0 0 0 0 0 1 0 0 0 1 0 0 0 1 0 0 0 1 0 0 0 1 0 0 0 0 0 0 0 0 1 0 0 0 1 0 0 0 1 0 0 0 1 0 0 0 0 1 0 0 0 0 0 0 0 1 0 0 0 1 0 0 0 1 0 0 0 0 1 0 0 0 1 0 0 0 0 0 0 0 1 0 0 0 1 0 0 0 1 0 0 0 0 1 0 0 0 1 0 0 0 0 0 0 0 1 0 0 0 1 0 0 0 0 1 0 0 0 1 0 0 0 1 0 0 0 0 0 0 0 1 0 0 0 0 1 0 0 0 1 0 0 0 1 0 0 0 1 0 0 0 0 1 0 0 3 2 4 3 3 3 3 2 2 4 2 5 6 4 5 3 2 4 4 3 3 0 5 2 5 4 4 3 3 9 7 3 5 6 7 5 4 6 4 5 4 4 5 0 3 4 5 7 4 7 12 7 7 5 4 9 6 6 7 7 6 5 6 5 5 0 5 7 6 6 5 6 8 6 6 5 6 6 4 6 7 5 6 6 7 6 0 5 6 6 5 4 7 5 5 7 6 6 5 6 4 7 7 3 8 6 5 4 0 6 7 5 6 6 5 5 6 7 5 9 19 5 9 8 7 7 6 6 7 9 0 8 9 5 6 9 5 32 92 10 5 11 10 6 9 10 4 12 6 9 9 10 0 7 10 26 70 26 85 68 11 6 25 86 64 12 10 10 9 9 10 11 10 18 0 52 10 12 11 7 11 15 8 6 10 8 8 11 11 7 19 50 9 20 37 10 0 8 15 39 67 24 70 9 8 39 155 189 9 9 8 9 8 9 11 7 8 0 22 52 6 11 4 8 7 7 6 11 5 5 7 8 6 10 6 6 14 24 5 0 8 3 5 8 6 6 7 5 7 7 7 5 11 18 4 3 4 3 4 3 6 0 3 6
time: 310000
6 1 3101
6 2 3101
6 3 3101
6 4 3101
6 5 3101
6 6 21 0 0 0 1 0 0 0 1 0 0 0 1 0 0 0 1 0 0 0 0 0 0 0 0 1 0 0 0 1 0 0 0 1 0 0 0 1 0 0 0 1 0 0 0 0 0 0 0 0 1 0 0 0 1 0 0 0 1 0 0 0 1 0 0 0 0 1 0 0 0 0 0 0 0 1 0 0 0 1 0 0 0 1 0 0 0 0 1 0 0 0 1 0 0 0 0 0 0 0 1 0 0 0 1 0 0 0 1 0 0 0 0 1 0 0 0 1 0 0 0 0 0 0 0 1 0 0 0 1 0 0 0 0 1 0 0 0 1 0 0 0 1 0 0 0 0 0 0 0 1 0 0 0 0 1 0 0 0 1 0 0 0 1 0 0 0 1 0 0 0 0 1 0 0 3 2 4 3 3 3 3 2 2 4 2 5 6 4 5 3 2 4 4 3 3 0 5 2 5 4 4 3 3 9 7 3 5 6 7 5 4 6 4 5 4 4 5 0 3 4 5 7 4 7 12 7 7 5 4 9 6 6 7 7 6 5 6 5 5 0 5 7 6 6 5 6 8 6 6 5 6 6 4 6 7 5 6 6 7 6 0 5 6 6 5 4 7 5 5 7 6 6 5 6 4 7 7 3 8 6 5 4 0 6 7 5 6 6 5 5 6 7 5 9 19 5 9 8 7 7 6 6 7 9 0 8 9 5 6 9 5 32 92 10 5 11 10 6 9 10 4 12 6 9 9 10 0 7 10 26 70 26 85 68 11 6 25 86 64 12 10 10 9 9 10 11 10 18 0 52 10 12 11 7 11 15 8 6 10 8 8 11 11 7 19 50 9 20 37 10 0 8 15 39 67 24 70 9 8 60 234 189 9 9 8 9 8 9 11 7 8 0 22 52 6 11 4 8 7 7 6 11 5 5 7 8 6 10 6 6 14 24 5 0 8 3 5 8 6 6 7 5 7 7 7 5 11 18 4 3 4 3 4 3 6 0 3 6
time: 320000
6 1 3201
6 2 3201
6 3 3201
6 4 3201
6 5 3201
6 6 21 0 0 0 1 0 0 0 1 0 0 0 1 0 0 0 1 0 0 0 0 0 0 0 0 1 0 0 0 1 0 0 0 1 0 0 0 1 0 0 0 1 0 0 0 0 0 0 0 0 1 0 0 0 1 0 0 0 1 0 0 0 1 0 0 0 0 1 0 0 0 0 0 0 0 1 0 0 0 1 0 0 0 1 0 0 0 0 1 0 0 0 1 0 0 0 0 0 0 0 1 0 0 0 1 0 0 0 1 0 0 0 0 1 0 0 0 1 0 0 0 0 0 0 0 1 0 0 0 1 0 0 0 0 1 0 0 0 1 0 0 0 1 0 0 0 0 0 0 0 1 0 0 0 0 1 0 0 0 1 0 0 0 1 0 0 0 1 0 0 0 0 1 0 0 3 2 4 3 3 3 3 2 2 4 2 5 6 4 5 3 2 4 4 3 3 0 5 2 5 4 4 3 3 9 7 3 5 6 7 5 4 6 4 5 4 4 5 0 3 4 5 7 4 7 12 7 7 5 4 9 6 6 7 7 6 5 6 5 5 0 5 7 6 6 5 6 8 6 6 5 6 6 4 6 7 5 6 6 7 6 0 5 6 6 5 4 7 5 5 7 6 6 5 6 4 7 7 3 8 6 5 4 0 6 7 5 6 6 5 5 6 7 5 9 19 5 9 8 7 7 6 6 7 9 0 8 9 5 6 9 5 32 92 10 5 11 10 6 9 10 4 12 6 9 9 10 0 7 10 26 70 26 85 68 11 6 25 86 64 12 10 10 9 9 10 11 10 18 0 52 10 12 11 7 11 15 8 6 10 8 8 11 11 7 19 50 9 20 37 10 0 8 15 39 67 24 70 9 8 82 312 189 9 9 8 9 8 9 11 7 8 0 22 52 6 11 4 8 7 7 6 11 5 5 7 8 6 10 6 6 14 24 5 0 8 3 5 8 6 6 7 5 7 7 7 5 11 18 4 3 4 3 4 3 6 0 3 6
time: 330000
6 1 3301
6 2 3301
6 3 3301
6 4 3301
6 5 3301
6 6 21 0 0 0 1 0 0 0 1 0 0 0 1 0 0 0 1 0 0 0 0 0 0 0 0 1 0 0 0 1 0 0 0 1 0 0 0 1 0 0 0 1 0 0 0 0 0 0 0 0 1 0 0 0 1 0 0 0 1 0 0 0 1 0 0 0 0 1 0 0 0 0 0 0 0 1 0 0 0 1 0 0 0 1 0 0 0 0 1 0 0 0 1 0 0 0 0 0 0 0 1 0 0 0 1 0 0 0 1 0 0 0 0 1 0 0 0 1 0 0 0 0 0 0 0 1 0 0 0 1 0 0 0 0 1 0 0 0 1 0 0 0 1 0 0 0 0 0 0 0 1 0 0 0 0 1 0 0 0 1 0 0 0 1 0 0 0 1 0 0 0 0 1 0 0 3 2 4 3 3 3 3 2 2 4 2 5 6 4 5 3 2 4 4 3 3 0 5 2 5 4 4 3 3 9 7 3 5 6 7 5 4 6 4 5 4 4 5 0 3 4 5 7 4 7 12 7 7 5 4 9 6 6 7 7 6 5 6 5 5 0 5 7 6 6 5 6 8 6 6 5 6 6 4 6 7 5 6 6 7 6 0 5 6 6 5 4 7 5 5 7 6 6 5 6 4 7 7 3 8 6 5 4 0 6 7 5 6 6 5 5 6 7 5 9 19 5 9 8 7 7 6 6 7 9 0 8 9 5 6 9 5 32 92 10 5 11 10 6 9 10 4 12 6 9 9 10 0 7 10 26 70 26 85 68 11 6 25 86 64 12 10 10 9 9 10 11 10 18 0 52 10 12 11 7 11 15 8 6 10 8 8 11 11 7 19 50 9 20 37 10 0 8 15 39 67 24 70 9 8 103 391 189 9 9 8 9 8 9 11 7 8 0 22 52 6 11 4 8 7 7 6 11 5 5 7 8 6 10 6 6 14 24 5 0 8 3 5 8 6 6 7 5 7 7 7 5 11 18 4 3 4 3 4 3 6 0 3 6
time: 340000
6 1 3401
6 2 3401
6 3 3401
6 4 3401
6 5 3401
6 6 21 0 0 0 1 0 0 0 1 0 0 0 1 0 0 0 1 0 0 0 0 0 0 0 0 1 0 0 0 1 0 0 0 1 0 0 0 1 0 0 0 1 0 0 0 0 0 0 0 0 1 0 0 0 1 0 0 0 1 0 0 0 1 0 0 0 0 1 0 0 0 0 0 0 0 1 0 0 0 1 0 0 0 1 0 0 0 0 1 0 0 0 1 0 0 0 0 0 0 0 1 0 0 0 1 0 0 0 1 0 0 0 0 1 0 0 0 1 0 0 0 0 0 0 0 1 0 0 0 1 0 0 0 0 1 0 0 0 1 0 0 0 1 0 0 0 0 0 0 0 1 0 0 0 0 1 0 0 0 1 0 0 0 1 0 0 0 1 0 0 0 0 1 0 0 3 2 4 3 3 3 3 2 2 4 2 5 6 4 5 3 2 4 4 3 3 0 5 2 5 4 4 3 3 9 7 3 5 6 7 5 4 6 4 5 4 4 5 0 3 4 5 7 4 7 12 7 7 5 4 9 6 6 7 7 6 5 6 5 5 0 5 7 6 6 5 6 8 6 6 5 6 6 4 6 7 5 6 6 7 6 0 5 6 6 5 4 7 5 5 7 6 6 5 6 4 7 7 3 8 6 5 4 0 6 7 5 6 6 5 5 6 7 5 9 19 5 9 8 7 7 6 6 7 9 0 8 9 5 6 9 5 32 92 10 5 11 10 6 9 10 4 12 6 9 9 10 0 7 10 26 70 26 85 68 11 6 25 86 64 12 10 10 9 9 10 11 10 18 0 52 10 12 11 7 11 15 8 6 11 23 57 12 12 8 20 51 9 21 38 11 0 9 16 39 68 25 71 10 9 108 406 189 9 9 8 9 8 9 11 7 8 0 22 52 6 11 4 8 7 7 6 11 5 5 7 8 6 10 6 6 14 24 5 0 8 3 5 8 6 6 7 5 7 7 7 5 11 18 4 3 4 3 4 3 6 0 3 6
time: 350000
6 1 3501
6 2 3501
6 3 3501
6 4 3501
6 5 3501
6 6 21 0 0 0 1 0 0 0 1 0 0 0 1 0 0 0 1 0 0 0 0 0 0 0 0 1 0 0 0 1 0 0 0 1 0 0 0 1 0 0 0 1 0 0 0 0 0 0 0 0 1 0 0 0 1 0 0 0 1 0 0 0 1 0 0 0 0 1 0 0 0 0 0 0 0 1 0 0 0 1 0 0 0 1 0 0 0 0 1 0 0 0 1 0 0 0 0 0 0 0 1 0 0 0 1 0 0 0 1 0 0 0 0 1 0 0 0 1 0 0 0 0 0 0 0 1 0 0 0 1 0 0 0 0 1 0 0 0 1 0 0 0 1 0 0 0 0 0 0 0 1 0 0 0 0 1 0 0 0 1 0 0 0 1 0 0 0 1 0 0 0 0 1 0 0 3 2 4 3 3 3 3 2 2 4 2 5 6 4 5 3 2 4 4 3 3 0 5 2 5 4 4 3 3 9 7 3 5 6 7 5 4 6 4 5 4 4 5 0 3 4 5 7 4 7 12 7 7 5 4 9 6 6 7 7 6 5 6 5 5 0 5 7 6 6 5 6 8 6 6 5 6 6 4 6 7 5 6 6 7 6 0 5 6 6 5 4 7 5 5 7 6 6 5 6 4 7 7 3 8 6 5 4 0 6 7 5 6 6 5 5 6 7 5 9 19 5 9 8 7 7 6 6 7 9 0 8 9 5 6 9 5 32 92 10 5 11 10 6 9 10 4 12 6 9 9 10 0 7 10 26 70 26 85 68 11 6 25 86 64 12 10 29 78 10 11 12 11 18 0 53 11 13 12 8 11 16 9 7 11 23 57 12 12 8 20 51 9 21 38 11 0 9 16 39 68 25 71 10 9 108 406 189 9 9 8 9 8 9 11 7 8 0 22 52 6 11 4 8 7 7 6 11 5 5 7 8 6 10 6 6 14 24 5 0 8 3 5 8 6 6 7 5 7 7 7 5 11 18 4 3 4 3 4 3 6 0 3 6
time: 360000
6 1 3601
6 2 3601
6 3 3601
6 4 3601
6 5 3601
6 6 21 0 0 0 1 0 0 0 1 0 0 0 1 0 0 0 1 0 0 0 0 0 0 0 0 1 0 0 0 1 0 0 0 1 0 0 0 1 0 0 0 1 0 0 0 0 0 0 0 0 1 0 0 0 1 0 0 0 1 0 0 0 1 0 0 0 0 1 0 0 0 0 0 0 0 1 0 0 0 1 0 0 0 1 0 0 0 0 1 0 0 0 1 0 0 0 0 0 0 0 1 0 0 0 1 0 0 0 1 0 0 0 0 1 0 0 0 1 0 0 0 0 0 0 0 1 0 0 0 1 0 0 0 0 1 0 0 0 1 0 0 0 1 0 0 0 0 0 0 0 1 0 0 0 0 1 0 0 0 1 0 0 0 1 0 0 0 1 0 0 0 0 1 0 0 3 2 4 3 3 3 3 2 2 4 2 5 6 4 5 3 2 4 4 3 3 0 5 2 5 4 4 3 3 9 7 3 5 6 7 5 4 6 4 5 4 4 5 0 3 4 5 7 4 7 12 7 7 5 4 9 6 6 7 7 6 5 6 5 5 0 5 7 6 6 5 6 8 6 6 5 6 6 4 6 7 5 6 6 7 6 0 5 6 6 5 4 7 5 5 7 6 6 5 6 5 8 7 10 35 6 6 5 0 7 8 6 6 7 6 6 7 8 5 10 20 6 10 9 7 8 7 7 8 9 0 9 10 6 7 10 5 33 93 11 6 12 10 7 10 11 5 13 6 10 10 11 0 8 11 26 71 27 86 69 12 6 26 87 65 13 11 32 90 10 11 12 11 18 0 53 11 13 12 8 11 16 9 7 11 23 57 12 12 8 20 51 9 21 38 11 0 9 16 39 68 25 71 10 9 108 406 189 9 9 8 9 8 9 11 7 8 0 22 52 6 11 4 8 7 7 6 11 5 5 7 8 6 10 6 6 14 24 5 0 8 3 5 8 6 6 7 5 7 7 7 5 11 18 4 3 4 3 4 3 6 0 3 6
time: 370000
6 1 3701
6 2 3701
6 3 3701
6 4 3701
6 5 3701
6 6 21 0 0 0 1 0 0 0 1 0 0 0 1 0 0 0 1 0 0 0 0 0 0 0 0 1 0 0 0 1 0 0 0 1 0 0 0 1 0 0 0 1 0 0 0 0 0 0 0 0 1 0 0 0 1 0 0 0 1 0 0 0 1 0 0 0 0 1 0 0 0 0 0 0 0 1 0 0 0 1 0 0 0 1 0 0 0 0 1 0 0 0 1 0 0 0 0 0 0 0 1 0 0 0 1 0 0 0 1 0 0 0 0 1 0 0 0 1 0 0 0 0 0 0 0 1 0 0 0 1 0 0 0 0 1 0 0 0 1 0 0 0 1 0 0 0 0 0 0 1 2 1 0 1 0 2 1 1 1 2 0 1 1 2 1 1 0 2 1 1 1 1 1 1 0 4 3 5 4 3 4 4 3 3 4 3 6 7 5 6 3 3 5 5 4 4 0 5 3 6 5 5 4 3 10 8 4 6 7 7 6 5 7 5 6 4 5 6 0 4 5 6 7 5 8 13 8 8 5 5 10 7 7 8 7 7 6 7 6 5 0 6 8 7 7 6 6 9 7 7 6 7 6 5 7 8 6 7 6 8 7 0 6 7 7 5 5 8 6 6 8 6 7 6 7 5 8 7 10 35 6 6 5 0 7 8 6 6 7 6 6 7 8 5 10 20 6 10 9 7 8 7 7 8 9 0 9 10 6 7 10 5 33 93 11 6 12 10 7 10 11 5 13 6 10 10 11 0 8 11 26 71 27 86 69 12 6 26 87 65 13 11 32 90 10 11 12 11 18 0 53 11 13 12 8 11 16 9 7 11 23 57 12 12 8 20 51 9 21 38 11 0 9 16 39 68 25 71 10 9 108 406 189 9 9 8 9 8 9 11 7 8 0 22 52 6 11 4 8 7 7 6 11 5 5 7 8 6 10 6 6 14 24 5 0 8 3 5 8 6 6 7 5 7 7 7 5 11 18 4 3 4 3 4 3 6 0 3 6
time: 380000
6 1 3801
6 2 3801
6 3 3801
6 4 3801
6 5 3801
6 6 21 0 0 0 1 0 0 0 1 0 0 0 1 0 0 0 1 0 0 0 0 0 0 0 0 1 0 0 0 1 0 0 0 1 0 0 0 1 0 0 0 1 0 0 0 0 0 0 0 0 1 0 0 0 1 0 0 0 1 0 0 0 1 0 0 0 0 1 0 9 29 1 1 1 0 2 1 1 1 1 1 1 1 2 1 0 1 0 2 1 1 1 1 1 1 1 1 1 0 1 2 1 1 1 1 1 1 1 2 0 1 0 1 2 1 1 1 1 1 1 1 1 1 0 1 2 1 1 1 1 0 1 1 1 2 0 1 1 2 1 1 0 2 1 1 1 1 0 1 1 2 1 0 1 0 2 1 1 1 2 0 1 1 2 1 1 0 2 1 1 1 1 1 1 0 4 3 5 4 3 4 4 3 3 4 3 6 7 5 6 3 3 5 5 4 4 0 5 3 6 5 5 4 3 10 8 4 6 7 7 6 5 7 5 6 4 5 6 0 4 5 6 7 5 8 13 8 8 5 5 10 7 7 8 7 7 6 7 6 5 0 6 8 7 7 6 6 9 7 7 6 7 6 5 7 8 6 7 6 8 7 0 6 7 7 5 5 8 6 6 8 6 7 6 7 5 8 7 10 35 6 6 5 0 7 8 6 6 7 6 6 7 8 5 10 20 6 10 9 7 8 7 7 8 9 0 9 10 6 7 10 5 33 93 11 6 12 10 7 10 11 5 13 6 10 10 11 0 8 11 26 71 27 86 69 12 6 26 87 65 13 11 32 90 10 11 12 11 18 0 53 11 13 12 8 11 16 9 7 11 23 57 12 12 8 20 51 9 21 38 11 0 9 16 39 68 25 71 10 9 108 406 189 9 9 8 9 8 9 11 7 8 0 22 52 6 11 4 8 7 7 6 11 5 5 7 8 6 10 6 6 14 24 5 0 8 3 5 8 6 6 7 5 7 7 7 5 11 18 4 3 4 3 4 3 6 0 3 6
time: 390000
6 1 3901
6 2 3901
6 3 3901
6 4 3901
6 5 3901
6 6 21 0 0 0 1 0 0 0 1 0 0 0 1 0 1 1 2 1 0 1 1 0 1 1 1 1 1 1 1 2 1 0 1 2 1 1 1 1 1 1 1 2 0 0 1 1 1 1 1 0 2 1 1 1 2 0 1 1 2 1 1 0 2 1 1 0 1 2 0 21 74 1 1 1 0 2 1 1 1 1 1 1 1 2 1 0 1 0 2 1 1 1 1 1 1 1 1 1 0 1 2 1 1 1 1 1 1 1 2 0 1 0 1 2 1 1 1 1 1 1 1 1 1 0 1 2 1 1 1 1 0 1 1 1 2 0 1 1 2 1 1 0 2 1 1 1 1 0 1 1 2 1 0 1 0 2 1 1 1 2 0 1 1 2 1 1 0 2 1 1 1 1 1 1 0 4 3 5 4 3 4 4 3 3 4 3 6 7 5 6 3 3 5 5 4 4 0 5 3 6 5 5 4 3 10 8 4 6 7 7 6 5 7 5 6 4 5 6 0 4 5 6 7 5 8 13 8 8 5 5 10 7 7 8 7 7 6 7 6 5 0 6 8 7 7 6 6 9 7 7 6 7 6 5 7 8 6 7 6 8 7 0 6 7 7 5 5 8 6 6 8 6 7 6 7 5 8 7 10 35 6 6 5 0 7 8 6 6 7 6 6 7 8 5 10 20 6 10 9 7 8 7 7 8 9 0 9 10 6 7 10 5 33 93 11 6 12 10 7 10 11 5 13 6 10 10 11 0 8 11 26 71 27 86 69 12 6 26 87 65 13 11 32 90 10 11 12 11 18 0 53 11 13 12 8 11 16 9 7 11 23 57 12 12 8 20 51 9 21 38 11 0 9 16 39 68 25 71 10 9 108 406 189 9 9 8 9 8 9 11 7 8 0 22 52 6 11 4 8 7 7 6 11 5 5 7 8 6 10 6 6 14 24 5 0 8 3 5 8 6 6 7 5 7 7 7 5 11 18 4 3 4 3 4 3 6 0 3 6
time: 400000
6 1 4001
6 2 4001
6 3 4001
6 4 4001
6 5 4001
6 6 21 0 0 0 1 0 0 0 1 0 21 78 1 1 1 1 2 1 0 1 1 0 1 1 1 1 1 1 1 2 1 0 1 2 1 1 1 1 1 1 1 2 0 0 1 1 1 1 1 0 2 1 1 1 2 0 1 1 2 1 1 0 2 1 1 0 1 2 0 21 74 1 1 1 0 2 1 1 1 1 1 1 1 2 1 0 1 0 2 1 1 1 1 1 1 1 1 1 0 1 2 1 1 1 1 1 1 1 2 0 1 0 1 2 1 1 1 1 1 1 1 1 1 0 1 2 1 1 1 1 0 1 1 1 2 0 1 1 2 1 1 0 2 1 1 1 1 0 1 1 2 1 0 1 0 2 1 1 1 2 0 1 1 2 1 1 0 2 1 1 1 1 1 1 0 4 3 5 4 3 4 4 3 3 4 3 6 7 5 6 3 3 5 5 4 4 0 5 3 6 5 5 4 3 10 8 4 6 7 7 6 5 7 5 6 4 5 6 0 4 5 6 7 5 8 13 8 8 5 5 10 7 7 8 7 7 6 7 6 5 0 6 8 7 7 6 6 9 7 7 6 7 6 5 7 8 6 7 6 8 7 0 6 7 7 5 5 8 6 6 8 6 7 6 7 5 8 7 10 35 6 6 5 0 7 8 6 6 7 6 6 7 8 5 10 20 6 10 9 7 8 7 7 8 9 0 9 10 6 7 10 5 33 93 11 6 12 10 7 10 11 5 13 6 10 10 11 0 8 11 26 71 27 86 69 12 6 26 87 65 13 11 32 90 10 11 12 11 18 0 53 11 13 12 8 11 16 9 7 11 23 57 12 12 8 20 51 9 21 38 11 0 9 16 39 68 25 71 10 9 108 406 189 9 9 8 9 8 9 11 7 8 0 22 52 6 11 4 8 7 7 6 11 5 5 7 8 6 10 6 6 14 24 5 0 8 3 5 8 6 6 7 5 7 7 7 5 11 18 4 3 4 3 4 3 6 0 3 6
time: 410000
6 1 4101
6 2 4101
6 3 4101
6 4 4101
6 5 4101
6 6 21 0 0 0 1 0 0 0 1 0 42 157 1 1 1 1 2 1 0 1 1 0 1 1 1 1 1 1 1 2 1 0 1 2 1 1 1 1 1 1 1 2 0 0 1 1 1 1 1 0 2 1 1 1 2 0 1 1 2 1 1 0 2 1 1 0 1 2 0 21 74 1 1 1 0 2 1 1 1 1 1 1 1 2 1 0 1 0 2 1 1 1 1 1 1 1 1 1 0 1 2 1 1 1 1 1 1 1 2 0 1 0 1 2 1 1 1 1 1 1 1 1 1 0 1 2 1 1 1 1 0 1 1 1 2 0 1 1 2 1 1 0 2 1 1 1 1 0 1 1 2 1 0 1 0 2 1 1 1 2 0 1 1 2 1 1 0 2 1 1 1 1 1 1 0 4 3 5 4 3 4 4 3 3 4 3 6 7 5 6 3 3 5 5 4 4 0 5 3 6 5 5 4 3 10 8 4 6 7 7 6 5 7 5 6 4 5 6 0 4 5 6 7 5 8 13 8 8 5 5 10 7 7 8 7 7 6 7 6 5 0 6 8 7 7 6 6 9 7 7 6 7 6 5 7 8 6 7 6 8 7 0 6 7 7 5 5 8 6 6 8 6 7 6 7 5 8 7 10 35 6 6 5 0 7 8 6 6 7 6 6 7 8 5 10 20 6 10 9 7 8 7 7 8 9 0 9 10 6 7 10 5 33 93 11 6 12 10 7 10 11 5 13 6 10 10 11 0 8 11 26 71 27 86 69 12 6 26 87 65 13 11 32 90 10 11 12 11 18 0 53 11 13 12 8 11 16 9 7 11 23 57 12 12 8 20 51 9 21 38 11 0 9 16 39 68 25 71 10 9 108 406 189 9 9 8 9 8 9 11 7 8 0 22 52 6 11 4 8 7 7 6 11 5 5 7 8 6 10 6 6 14 24 5 0 8 3 5 8 6 6 7 5 7 7 7 5 11 18 4 3 4 3 4 3 6 0 3 6
time: 420000
6 1 4201
6 2 4201
6 3 4201
6 4 4201
6 5 4201
6 6 21 0 0 0 1 0 0 0 1 0 64 235 1 1 1 1 2 1 0 1 1 0 1 1 1 1 1 1 1 2 1 0 1 2 1 1 1 1 1 1 1 2 0 0 1 1 1 1 1 0 2 1 1 1 2 0 1 1 2 1 1 0 2 1 1 0 1 2 0 21 74 1 1 1 0 2 1 1 1 1 1 1 1 2 1 0 1 0 2 1 1 1 1 1 1 1 1 1 0 1 2 1 1 1 1 1 1 1 2 0 1 0 1 2 1 1 1 1 1 1 1 1 1 0 1 2 1 1 1 1 0 1 1 1 2 0 1 1 2 1 1 0 2 1 1 1 1 0 1 1 2 1 0 1 0 2 1 1 1 2 0 1 1 2 1 1 0 2 1 1 1 1 1 1 0 4 3 5 4 3 4 4 3 3 4 3 6 7 5 6 3 3 5 5 4 4 0 5 3 6 5 5 4 3 10 8 4 6 7 7 6 5 7 5 6 4 5 6 0 4 5 6 7 5 8 13 8 8 5 5 10 7 7 8 7 7 6 7 6 5 0 6 8 7 7 6 6 9 7 7 6 7 6 5 7 8 6 7 6 8 7 0 6 7 7 5 5 8 6 6 8 6 7 6 7 5 8 7 10 35 6 6 5 0 7 8 6 6 7 6 6 7 8 5 10 20 6 10 9 7 8 7 7 8 9 0 9 10 6 7 10 5 33 93 11 6 12 10 7 10 11 5 13 6 10 10 11 0 8 11 26 71 27 86 69 12 6 26 87 65 13 11 32 90 10 11 12 11 18 0 53 11 13 12 8 11 16 9 7 11 23 57 12 12 8 20 51 9 21 38 11 0 9 16 39 68 25 71 10 9 108 406 189 9 9 8 9 8 9 11 7 8 0 22 52 6 11 4 8 7 7 6 11 5 5 7 8 6 10 6 6 14 24 5 0 8 3 5 8 6 6 7 5 7 7 7 5 11 18 4 3 4 3 4 3 6 0 3 6
time: 430000
6 1 4301
6 2 4301
6 3 4301
6 4 4301
6 5 4301
6 6 21 0 0 0 1 0 0 0 1 0 86 313 1 1 1 1 2 1 0 1 1 0 1 1 1 1 1 1 1 2 1 0 1 2 1 1 1 1 1 1 1 2 0 0 1 1 1 1 1 0 2 1 1 1 2 0 1 1 2 1 1 0 2 1 1 0 1 2 0 21 74 1 1 1 0 2 1 1 1 1 1 1 1 2 1 0 1 0 2 1 1 1 1 1 1 1 1 1 0 1 2 1 1 1 1 1 1 1 2 0 1 0 1 2 1 1 1 1 1 1 1 1 1 0 1 2 1 1 1 1 0 1 1 1 2 0 1 1 2 1 1 0 2 1 1 1 1 0 1 1 2 1 0 1 0 2 1 1 1 2 0 1 1 2 1 1 0 2 1 1 1 1 1 1 0 4 3 5 4 3 4 4 3 3 4 3 6 7 5 6 3 3 5 5 4 4 0 5 3 6 5 5 4 3 10 8 4 6 7 7 6 5 7 5 6 4 5 6 0 4 5 6 7 5 8 13 8 8 5 5 10 7 7 8 7 7 6 7 6 5 0 6 8 7 7 6 6 9 7 7 6 7 6 5 7 8 6 7 6 8 7 0 6 7 7 5 5 8 6 6 8 6 7 6 7 5 8 7 10 35 6 6 5 0 7 8 6 6 7 6 6 7 8 5 10 20 6 10 9 7 8 7 7 8 9 0 9 10 6 7 10 5 33 93 11 6 12 10 7 10 11 5 13 6 10 10 11 0 8 11 26 71 27 86 69 12 6 26 87 65 13 11 32 90 10 11 12 11 18 0 53 11 13 12 8 11 16 9 7 11 23 57 12 12 8 20 51 9 21 38 11 0 9 16 39 68 25 71 10 9 108 406 189 9 9 8 9 8 9 11 7 8 0 22 52 6 11 4 8 7 7 6 11 5 5 7 8 6 10 6 6 14 24 5 0 8 3 5 8 6 6 7 5 7 7 7 5 11 18 4 3 4 3 4 3 6 0 3 6
time: 440000
6 1 4401
6 2 4401
6 3 4401
6 4 4401
6 5 4401
6 6 21 0 0 0 1 0 0 0 1 0 108 391 1 1 1 1 2 1 0 1 1 0 1 1 1 1 1 1 1 2 1 0 1 2 1 1 1 1 1 1 1 2 0 0 1 1 1 1 1 0 2 1 1 1 2 0 1 1 2 1 1 0 2 1 1 0 1 2 0 21 74 1 1 1 0 2 1 1 1 1 1 1 1 2 1 0 1 0 2 1 1 1 1 1 1 1 1 1 0 1 2 1 1 1 1 1 1 1 2 0 1 0 1 2 1 1 1 1 1 1 1 1 1 0 1 2 1 1 1 1 0 1 1 1 2 0 1 1 2 1 1 0 2 1 1 1 1 0 1 1 2 1 0 1 0 2 1 1 1 2 0 1 1 2 1 1 0 2 1 1 1 1 1 1 0 4 3 5 4 3 4 4 3 3 4 3 6 7 5 6 3 3 5 5 4 4 0 5 3 6 5 5 4 3 10 8 4 6 7 7 6 5 7 5 6 4 5 6 0 4 5 6 7 5 8 13 8 8 5 5 10 7 7 8 7 7 6 7 6 5 0 6 8 7 7 6 6 9 7 7 6 7 6 5 7 8 6 7 6 8 7 0 6 7 7 5 5 8 6 6 8 6 7 6 7 5 8 7 10 35 6 6 5 0 7 8 6 6 7 6 6 7 8 5 10 20 6 10 9 7 8 7 7 8 9 0 9 10 6 7 10 5 33 93 11 6 12 10 7 10 11 5 13 6 10 10 11 0 8 11 26 71 27 86 69 12 6 26 87 65 13 11 32 90 10 11 12 11 18 0 53 11 13 12 8 11 16 9 7 11 23 57 12 12 8 20 51 9 21 38 11 0 9 16 39 68 25 71 10 9 108 406 189 9 9 8 9 8 9 11 7 8 0 22 52 6 11 4 8 7 7 6 11 5 5 7 8 6 10 6 6 14 24 5 0 8 3 5 8 6 6 7 5 7 7 7 5 11 18 4 3 4 3 4 3 6 0 3 6
time: 450000
6 1 4501
6 2 4501
6 3 4501
6 4 4501
6 5 4501
6 6 21 0 0 0 1 0 0 0 1 0 129 470 1 1 1 1 2 1 0 1 1 0 1 1 1 1 1 1 1 2 1 0 1 2 1 1 1 1 1 1 1 2 0 0 1 1 1 1 1 0 2 1 1 1 2 0 1 1 2 1 1 0 2 1 1 0 1 2 0 21 74 1 1 1 0 2 1 1 1 1 1 1 1 2 1 0 1 0 2 1 1 1 1 1 1 1 1 1 0 1 2 1 1 1 1 1 1 1 2 0 1 0 1 2 1 1 1 1 1 1 1 1 1 0 1 2 1 1 1 1 0 1 1 1 2 0 1 1 2 1 1 0 2 1 1 1 1 0 1 1 2 1 0 1 0 2 1 1 1 2 0 1 1 2 1 1 0 2 1 1 1 1 1 1 0 4 3 5 4 3 4 4 3 3 4 3 6 7 5 6 3 3 5 5 4 4 0 5 3 6 5 5 4 3 10 8 4 6 7 7 6 5 7 5 6 4 5 6 0 4 5 6 7 5 8 13 8 8 5 5 10 7 7 8 7 7 6 7 6 5 0 6 8 7 7 6 6 9 7 7 6 7 6 5 7 8 6 7 6 8 7 0 6 7 7 5 5 8 6 6 8 6 7 6 7 5 8 7 10 35 6 6 5 0 7 8 6 6 7 6 6 7 8 5 10 20 6 10 9 7 8 7 7 8 9 0 9 10 6 7 10 5 33 93 11 6 12 10 7 10 11 5 13 6 10 10 11 0 8 11 26 71 27 86 69 12 6 26 87 65 13 11 32 90 10 11 12 11 18 0 53 11 13 12 8 11 16 9 7 11 23 57 12 12 8 20 51 9 21 38 11 0 9 16 39 68 25 71 10 9 108 406 189 9 9 8 9 8 9 11 7 8 0 22 52 6 11 4 8 7 7 6 11 5 5 7 8 6 10 6 6 14 24 5 0 8 3 5 8 6 6 7 5 7 7 7 5 11 18 4 3 4 3 4 3 6 0 3 6
time: 460000
6 1 4601
6 2 4601
6 3 4601
6 4 4601
6 5 4601
6 6 21 0 0 0 1 0 0 0 1 0 151 548 1 1 1 1 2 1 0 1 1 0 1 1 1 1 1 1 1 2 1 0 1 2 1 1 1 1 1 1 1 2 0 0 1 1 1 1 1 0 2 1 1 1 2 0 1 1 2 1 1 0 2 1 1 0 1 2 0 21 74 1 1 1 0 2 1 1 1 1 1 1 1 2 1 0 1 0 2 1 1 1 1 1 1 1 1 1 0 1 2 1 1 1 1 1 1 1 2 0 1 0 1 2 1 1 1 1 1 1 1 1 1 0 1 2 1 1 1 1 0 1 1 1 2 0 1 1 2 1 1 0 2 1 1 1 1 0 1 1 2 1 0 1 0 2 1 1 1 2 0 1 1 2 1 1 0 2 1 1 1 1 1 1 0 4 3 5 4 3 4 4 3 3 4 3 6 7 5 6 3 3 5 5 4 4 0 5 3 6 5 5 4 3 10 8 4 6 7 7 6 5 7 5 6 4 5 6 0 4 5 6 7 5 8 13 8 8 5 5 10 7 7 8 7 7 6 7 6 5 0 6 8 7 7 6 6 9 7 7 6 7 6 5 7 8 6 7 6 8 7 0 6 7 7 5 5 8 6 6 8 6 7 6 7 5 8 7 10 35 6 6 5 0 7 8 6 6 7 6 6 7 8 5 10 20 6 10 9 7 8 7 7 8 9 0 9 10 6 7 10 5 33 93 11 6 12 10 7 10 11 5 13 6 10 10 11 0 8 11 26 71 27 86 69 12 6 26 87 65 13 11 32 90 10 11 12 11 18 0 53 11 13 12 8 11 16 9 7 11 23 57 12 12 8 20 51 9 21 38 11 0 9 16 39 68 25 71 10 9 108 406 189 9 9 8 9 8 9 11 7 8 0 22 52 6 11 4 8 7 7 6 11 5 5 7 8 6 10 6 6 14 24 5 0 8 3 5 8 6 6 7 5 7 7 7 5 11 18 4 3 4 3 4 3 6 0 3 6
time: 470000
6 1 4701
6 2 4701
6 3 4701
6 4 4701
6 5 4701
6 6 21 0 0 0 1 0 0 0 1 0 172 627 1 1 1 1 2 1 0 1 1 0 1 1 1 1 1 1 1 2 1 0 1 2 1 1 1 1 1 1 1 2 0 0 1 1 1 1 1 0 2 1 1 1 2 0 1 1 2 1 1 0 2 1 1 0 1 2 0 21 74 1 1 1 0 2 1 1 1 1 1 1 1 2 1 0 1 0 2 1 1 1 1 1 1 1 1 1 0 1 2 1 1 1 1 1 1 1 2 0 1 0 1 2 1 1 1 1 1 1 1 1 1 0 1 2 1 1 1 1 0 1 1 1 2 0 1 1 2 1 1 0 2 1 1 1 1 0 1 1 2 1 0 1 0 2 1 1 1 2 0 1 1 2 1 1 0 2 1 1 1 1 1 1 0 4 3 5 4 3 4 4 3 3 4 3 6 7 5 6 3 3 5 5 4 4 0 5 3 6 5 5 4 3 10 8 4 6 7 7 6 5 7 5 6 4 5 6 0 4 5 6 7 5 8 13 8 8 5 5 10 7 7 8 7 7 6 7 6 5 0 6 8 7 7 6 6 9 7 7 6 7 6 5 7 8 6 7 6 8 7 0 6 7 7 5 5 8 6 6 8 6 7 6 7 5 8 7 10 35 6 6 5 0 7 8 6 6 7 6 6 7 8 5 10 20 6 10 9 7 8 7 7 8 9 0 9 10 6 7 10 5 33 93 11 6 12 10 7 10 11 5 13 6 10 10 11 0 8 11 26 71 27 86 69 12 6 26 87 65 13 11 32 90 10 11 12 11 18 0 53 11 13 12 8 11 16 9 7 11 23 57 12 12 8 20 51 9 21 38 11 0 9 16 39 68 25 71 10 9 108 406 189 9 9 8 9 8 9 11 7 8 0 22 52 6 11 4 8 7 7 6 11 5 5 7 8 6 10 6 6 14 24 5 0 8 3 5 8 6 6 7 5 7 7 7 5 11 18 4 3 4 3 4 3 6 0 3 6
time: 480000
6 1 4801
6 2 4801
6 3 4801
6 4 4801
6 5 4801
6 6 21 0 0 0 1 0 0 0 1 0 195 704 1 1 1 1 2 1 0 1 1 0 1 1 1 1 1 1 1 2 1 0 1 2 1 1 1 1 1 1 1 2 0 0 1 1 1 1 1 0 2 1 1 1 2 0 1 1 2 1 1 0 2 1 1 0 1 2 0 21 74 1 1 1 0 2 1 1 1 1 1 1 1 2 1 0 1 0 2 1 1 1 1 1 1 1 1 1 0 1 2 1 1 1 1 1 1 1 2 0 1 0 1 2 1 1 1 1 1 1 1 1 1 0 1 2 1 1 1 1 0 1 1 1 2 0 1 1 2 1 1 0 2 1 1 1 1 0 1 1 2 1 0 1 0 2 1 1 1 2 0 1 1 2 1 1 0 2 1 1 1 1 1 1 0 4 3 5 4 3 4 4 3 3 4 3 6 7 5 6 3 3 5 5 4 4 0 5 3 6 5 5 4 3 10 8 4 6 7 7 6 5 7 5 6 4 5 6 0 4 5 6 7 5 8 13 8 8 5 5 10 7 7 8 7 7 6 7 6 5 0 6 8 7 7 6 6 9 7 7 6 7 6 5 7 8 6 7 6 8 7 0 6 7 7 5 5 8 6 6 8 6 7 6 7 5 8 7 10 35 6 6 5 0 7 8 6 6 7 6 6 7 8 5 10 20 6 10 9 7 8 7 7 8 9 0 9 10 6 7 10 5 33 93 11 6 12 10 7 10 11 5 13 6 10 10 11 0 8 11 26 71 27 86 69 12 6 26 87 65 13 11 32 90 10 11 12 11 18 0 53 11 13 12 8 11 16 9 7 11 23 57 12 12 8 20 51 9 21 38 11 0 9 16 39 68 25 71 10 9 108 406 189 9 9 8 9 8 9 11 7 8 0 22 52 6 11 4 8 7 7 6 11 5 5 7 8 6 10 6 6 14 24 5 0 8 3 5 8 6 6 7 5 7 7 7 5 11 18 4 3 4 3 4 3 6 0 3 6
time: 490000
6 1 4901
6 2 4901
6 3 4901
6 4 4901
6 5 4901
6 6 21 0 0 0 1 0 0 0 1 0 216 783 1 1 1 1 2 1 0 1 1 0 1 1 1 1 1 1 1 2 1 0 1 2 1 1 1 1 1 1 1 2 0 0 1 1 1 1 1 0 2 1 1 1 2 0 1 1 2 1 1 0 2 1 1 0 1 2 0 21 74 1 1 1 0 2 1 1 1 1 1 1 1 2 1 0 1 0 2 1 1 1 1 1 1 1 1 1 0 1 2 1 1 1 1 1 1 1 2 0 1 0 1 2 1 1 1 1 1 1 1 1 1 0 1 2 1 1 1 1 0 1 1 1 2 0 1 1 2 1 1 0 2 1 1 1 1 0 1 1 2 1 0 1 0 2 1 1 1 2 0 1 1 2 1 1 0 2 1 1 1 1 1 1 0 4 3 5 4 3 4 4 3 3 4 3 6 7 5 6 3 3 5 5 4 4 0 5 3 6 5 5 4 3 10 8 4 6 7 7 6 5 7 5 6 4 5 6 0 4 5 6 7 5 8 13 8 8 5 5 10 7 7 8 7 7 6 7 6 5 0 6 8 7 7 6 6 9 7 7 6 7 6 5 7 8 6 7 6 8 7 0 6 7 7 5 5 8 6 6 8 6 7 6 7 5 8 7 10 35 6 6 5 0 7 8 6 6 7 6 6 7 8 5 10 20 6 10 9 7 8 7 7 8 9 0 9 10 6 7 10 5 33 93 11 6 12 10 7 10 11 5 13 6 10 10 11 0 8 11 26 71 27 86 69 12 6 26 87 65 13 11 32 90 10 11 12 11 18 0 53 11 13 12 8 11 16 9 7 11 23 57 12 12 8 20 51 9 21 38 11 0 9 16 39 68 25 71 10 9 108 406 189 9 9 8 9 8 9 11 7 8 0 22 52 6 11 4 8 7 7 6 11 5 5 7 8 6 10 6 6 14 24 5 0 8 3 5 8 6 6 7 5 7 7 7 5 11 18 4 3 4 3 4 3 6 0 3 6
time: 500000
6 1 5001
6 2 5001
6 3 5001
6 4 5001
6 5 5001
6 6 21 0 0 0 1 0 0 0 1 0 237 862 1 1 1 1 2 1 0 1 1 0 1 1 1 1 1 1 1 2 1 0 1 2 1 1 1 1 1 1 1 2 0 0 1 1 1 1 1 0 2 1 1 1 2 0 1 1 2 1 1 0 2 1 1 0 1 2 0 21 74 1 1 1 0 2 1 1 1 1 1 1 1 2 1 0 1 0 2 1 1 1 1 1 1 1 1 1 0 1 2 1 1 1 1 1 1 1 2 0 1 0 1 2 1 1 1 1 1 1 1 1 1 0 1 2 1 1 1 1 0 1 1 1 2 0 1 1 2 1 1 0 2 1 1 1 1 0 1 1 2 1 0 1 0 2 1 1 1 2 0 1 1 2 1 1 0 2 1 1 1 1 1 1 0 4 3 5 4 3 4 4 3 3 4 3 6 7 5 6 3 3 5 5 4 4 0 5 3 6 5 5 4 3 10 8 4 6 7 7 6 5 7 5 6 4 5 6 0 4 5 6 7 5 8 13 8 8 5 5 10 7 7 8 7 7 6 7 6 5 0 6 8 7 7 6 6 9 7 7 6 7 6 5 7 8 6 7 6 8 7 0 6 7 7 5 5 8 6 6 8 6 7 6 7 5 8 7 10 35 6 6 5 0 7 8 6 6 7 6 6 7 8 5 10 20 6 10 9 7 8 7 7 8 9 0 9 10 6 7 10 5 33 93 11 6 12 10 7 10 11 5 13 6 10 10 11 0 8 11 26 71 27 86 69 12 6 26 87 65 13 11 32 90 10 11 12 11 18 0 53 11 13 12 8 11 16 9 7 11 23 57 12 12 8 20 51 9 21 38 11 0 9 16 39 68 25 71 10 9 108 406 189 9 9 8 9 8 9 11 7 8 0 22 52 6 11 4 8 7 7 6 11 5 5 7 8 6 10 6 6 14 24 5 0 8 3 5 8 6 6 7 5 7 7 7 5 11 18 4 3 4 3 4 3 6 0 3 6
time: 510000
6 1 5101
6 2 5101
6 3 5101
6 4 5101
6 5 5101
6 6 21 0 0 0 1 0 0 0 1 0 259 940 1 1 1 1 2 1 0 1 1 0 1 1 1 1 1 1 1 2 1 0 1 2 1 1 1 1 1 1 1 2 0 0 1 1 1 1 1 0 2 1 1 1 2 0 1 1 2 1 1 0 2 1 1 0 1 2 0 21 74 1 1 1 0 2 1 1 1 1 1 1 1 2 1 0 1 0 2 1 1 1 1 1 1 1 1 1 0 1 2 1 1 1 1 1 1 1 2 0 1 0 1 2 1 1 1 1 1 1 1 1 1 0 1 2 1 1 1 1 0 1 1 1 2 0 1 1 2 1 1 0 2 1 1 1 1 0 1 1 2 1 0 1 0 2 1 1 1 2 0 1 1 2 1 1 0 2 1 1 1 1 1 1 0 4 3 5 4 3 4 4 3 3 4 3 6 7 5 6 3 3 5 5 4 4 0 5 3 6 5 5 4 3 10 8 4 6 7 7 6 5 7 5 6 4 5 6 0 4 5 6 7 5 8 13 8 8 5 5 10 7 7 8 7 7 6 7 6 5 0 6 8 7 7 6 6 9 7 7 6 7 6 5 7 8 6 7 6 8 7 0 6 7 7 5 5 8 6 6 8 6 7 6 7 5 8 7 10 35 6 6 5 0 7 8 6 6 7 6 6 7 8 5 10 20 6 10 9 7 8 7 7 8 9 0 9 10 6 7 10 5 33 93 11 6 12 10 7 10 11 5 13 6 10 10 11 0 8 11 26 71 27 86 69 12 6 26 87 65 13 11 32 90 10 11 12 11 18 0 53 11 13 12 8 11 16 9 7 11 23 57 12 12 8 20 51 9 21 38 11 0 9 16 39 68 25 71 10 9 108 406 189 9 9 8 9 8 9 11 7 8 0 22 52 6 11 4 8 7 7 6 11 5 5 7 8 6 10 6 6 14 24 5 0 8 3 5 8 6 6 7 5 7 7 7 5 11 18 4 3 4 3 4 3 6 0 3 6
time: 520000
6 1 5201
6 2 5201
6 3 5201
6 4 5201
6 5 5201
6 6 21 0 0 0 1 0 0 0 1 0 280 1019 1 1 1 1 2 1 0 1 1 0 1 1 1 1 1 1 1 2 1 0 1 2 1 1 1 1 1 1 1 2 0 0 1 1 1 1 1 0 2 1 1 1 2 0 1 1 2 1 1 0 2 1 1 0 1 2 0 21 74 1 1 1 0 2 1 1 1 1 1 1 1 2 1 0 1 0 2 1 1 1 1 1 1 1 1 1 0 1 2 1 1 1 1 1 1 1 2 0 1 0 1 2 1 1 1 1 1 1 1 1 1 0 1 2 1 1 1 1 0 1 1 1 2 0 1 1 2 1 1 0 2 1 1 1 1 0 1 1 2 1 0 1 0 2 1 1 1 2 0 1 1 2 1 1 0 2 1 1 1 1 1 1 0 4 3 5 4 3 4 4 3 3 4 3 6 7 5 6 3 3 5 5 4 4 0 5 3 6 5 5 4 3 10 8 4 6 7 7 6 5 7 5 6 4 5 6 0 4 5 6 7 5 8 13 8 8 5 5 10 7 7 8 7 7 6 7 6 5 0 6 8 7 7 6 6 9 7 7 6 7 6 5 7 8 6 7 6 8 7 0 6 7 7 5 5 8 6 6 8 6 7 6 7 5 8 7 10 35 6 6 5 0 7 8 6 6 7 6 6 7 8 5 10 20 6 10 9 7 8 7 7 8 9 0 9 10 6 7 10 5 33 93 11 6 12 10 7 10 11 5 13 6 10 10 11 0 8 11 26 71 27 86 69 12 6 26 87 65 13 11 32 90 10 11 12 11 18 0 53 11 13 12 8 11 16 9 7 11 23 57 12 12 8 20 51 9 21 38 11 0 9 16 39 68 25 71 10 9 108 406 189 9 9 8 9 8 9 11 7 8 0 22 52 6 11 4 8 7 7 6 11 5 5 7 8 6 10 6 6 14 24 5 0 8 3 5 8 6 6 7 5 7 7 7 5 11 18 4 3 4 3 4 3 6 0 3 6
time: 530000
6 1 5301
6 2 5301
6 3 5301
6 4 5301
6 5 5301
6 6 21 0 0 0 1 0 0 0 1 0 303 1096 1 1 1 1 2 1 0 1 1 0 1 1 1 1 1 1 1 2 1 0 1 2 1 1 1 1 1 1 1 2 0 0 1 1 1 1 1 0 2 1 1 1 2 0 1 1 2 1 1 0 2 1 1 0 1 2 0 21 74 1 1 1 0 2 1 1 1 1 1 1 1 2 1 0 1 0 2 1 1 1 1 1 1 1 1 1 0 1 2 1 1 1 1 1 1 1 2 0 1 0 1 2 1 1 1 1 1 1 1 1 1 0 1 2 1 1 1 1 0 1 1 1 2 0 1 1 2 1 1 0 2 1 1 1 1 0 1 1 2 1 0 1 0 2 1 1 1 2 0 1 1 2 1 1 0 2 1 1 1 1 1 1 0 4 3 5 4 3 4 4 3 3 4 3 6 7 5 6 3 3 5 5 4 4 0 5 3 6 5 5 4 3 10 8 4 6 7 7 6 5 7 5 6 4 5 6 0 4 5 6 7 5 8 13 8 8 5 5 10 7 7 8 7 7 6 7 6 5 0 6 8 7 7 6 6 9 7 7 6 7 6 5 7 8 6 7 6 8 7 0 6 7 7 5 5 8 6 6 8 6 7 6 7 5 8 7 10 35 6 6 5 0 7 8 6 6 7 6 6 7 8 5 10 20 6 10 9 7 8 7 7 8 9 0 9 10 6 7 10 5 33 93 11 6 12 10 7 10 11 5 13 6 10 10 11 0 8 11 26 71 27 86 69 12 6 26 87 65 13 11 32 90 10 11 12 11 18 0 53 11 13 12 8 11 16 9 7 11 23 57 12 12 8 20 51 9 21 38 11 0 9 16 39 68 25 71 10 9 108 406 189 9 9 8 9 8 9 11 7 8 0 22 52 6 11 4 8 7 7 6 11 5 5 7 8 6 10 6 6 14 24 5 0 8 3 5 8 6 6 7 5 7 7 7 5 11 18 4 3 4 3 4 3 6 0 3 6
time: 540000
6 1 5401
6 2 5401
6 3 5401
6 4 5401
6 5 5401
6 6 21 0 0 0 1 0 0 0 1 0 324 1175 1 1 1 1 2 1 0 1 1 0 1 1 1 1 1 1 1 2 1 0 1 2 1 1 1 1 1 1 1 2 0 0 1 1 1 1 1 0 2 1 1 1 2 0 1 1 2 1 1 0 2 1 1 0 1 2 0 21 74 1 1 1 0 2 1 1 1 1 1 1 1 2 1 0 1 0 2 1 1 1 1 1 1 1 1 1 0 1 2 1 1 1 1 1 1 1 2 0 1 0 1 2 1 1 1 1 1 1 1 1 1 0 1 2 1 1 1 1 0 1 1 1 2 0 1 1 2 1 1 0 2 1 1 1 1 0 1 1 2 1 0 1 0 2 1 1 1 2 0 1 1 2 1 1 0 2 1 1 1 1 1 1 0 4 3 5 4 3 4 4 3 3 4 3 6 7 5 6 3 3 5 5 4 4 0 5 3 6 5 5 4 3 10 8 4 6 7 7 6 5 7 5 6 4 5 6 0 4 5 6 7 5 8 13 8 8 5 5 10 7 7 8 7 7 6 7 6 5 0 6 8 7 7 6 6 9 7 7 6 7 6 5 7 8 6 7 6 8 7 0 6 7 7 5 5 8 6 6 8 6 7 6 7 5 8 7 10 35 6 6 5 0 7 8 6 6 7 6 6 7 8 5 10 20 6 10 9 7 8 7 7 8 9 0 9 10 6 7 10 5 33 93 11 6 12 10 7 10 11 5 13 6 10 10 11 0 8 11 26 71 27 86 69 12 6 26 87 65 13 11 32 90 10 11 12 11 18 0 53 11 13 12 8 11 16 9 7 11 23 57 12 12 8 20 51 9 21 38 11 0 9 16 39 68 25 71 10 9 108 406 189 9 9 8 9 8 9 11 7 8 0 22 52 6 11 4 8 7 7 6 11 5 5 7 8 6 10 6 6 14 24 5 0 8 3 5 8 6 6 7 5 7 7 7 5 11 18 4 3 4 3 4 3 6 0 3 6
time: 550000
6 1 5501
6 2 5501
6 3 5501
6 4 5501
6 5 5501
6 6 23 1 1 1 2 1 0 1 2 1 345 1244 1 1 1 1 2 1 0 1 1 0 1 1 1 1 1 1 1 2 1 0 1 2 1 1 1 1 1 1 1 2 0 0 1 1 1 1 1 0 2 1 1 1 2 0 1 1 2 1 1 0 2 1 1 0 1 2 0 21 74 1 1 1 0 2 1 1 1 1 1 1 1 2 1 0 1 0 2 1 1 1 1 1 1 1 1 1 0 1 2 1 1 1 1 1 1 1 2 0 1 0 1 2 1 1 1 1 1 1 1 1 1 0 1 2 1 1 1 1 0 1 1 1 2 0 1 1 2 1 1 0 2 1 1 1 1 0 1 1 2 1 0 1 0 2 1 1 1 2 0 1 1 2 1 1 0 2 1 1 1 1 1 1 0 4 3 5 4 3 4 4 3 3 4 3 6 7 5 6 3 3 5 5 4 4 0 5 3 6 5 5 4 3 10 8 4 6 7 7 6 5 7 5 6 4 5 6 0 4 5 6 7 5 8 13 8 8 5 5 10 7 7 8 7 7 6 7 6 5 0 6 8 7 7 6 6 9 7 7 6 7 6 5 7 8 6 7 6 8 7 0 6 7 7 5 5 8 6 6 8 6 7 6 7 5 8 7 10 35 6 6 5 0 7 8 6 6 7 6 6 7 8 5 10 20 6 10 9 7 8 7 7 8 9 0 9 10 6 7 10 5 33 93 11 6 12 10 7 10 11 5 13 6 10 10 11 0 8 11 26 71 27 86 69 12 6 26 87 65 13 11 32 90 10 11 12 11 18 0 53 11 13 12 8 11 16 9 7 11 23 57 12 12 8 20 51 9 21 38 11 0 9 16 39 68 25 71 10 9 108 406 189 9 9 8 9 8 9 11 7 8 0 22 52 6 11 4 8 7 7 6 11 5 5 7 8 6 10 6 6 14 24 5 0 8 3 5 8 6 6 7 5 7 7 7 5 11 18 4 3 4 3 4 3 6 0 3 6
