# Link Utilization Monitor
# Format: time: <timestamp_ns>
# node_id port_id tx_bytes_total tx_throughput_Gbps tx_util_percent
time: 0
time: 5000
time: 10000
0 1 125760 100.6080 100.00
1 1 2700 4.3200 4.32
2 1 113184 100.6080 100.00
2 2 0 0.0000 0.00
3 1 1980 3.1680 3.17
3 2 60784 97.2544 97.25
4 1 480 0.7680 0.77
4 2 86984 100.6080 100.00
time: 15000
0 1 188640 100.6080 100.00
1 1 6300 5.7600 5.76
2 1 176064 100.6080 100.00
2 2 2700 4.3200 4.32
3 1 5580 5.7600 5.76
3 2 123664 100.6080 100.00
4 1 4140 5.8560 5.86
4 2 149864 100.6080 100.00
time: 20000
0 1 251520 100.6080 100.00
1 1 9900 5.7600 5.76
2 1 238944 100.6080 100.00
2 2 6300 5.7600 5.76
3 1 9180 5.7600 5.76
3 2 186544 100.6080 100.00
4 1 7740 5.7600 5.76
4 2 212744 100.6080 100.00
time: 25000
0 1 314400 100.6080 100.00
1 1 13500 5.7600 5.76
2 1 302872 102.2848 100.00
2 2 9900 5.7600 5.76
3 1 12780 5.7600 5.76
3 2 249424 100.6080 100.00
4 1 11340 5.7600 5.76
4 2 276672 102.2848 100.00
time: 30000
0 1 314400 0.0000 0.00
1 1 17160 5.8560 5.86
2 1 314400 18.4448 18.44
2 2 13500 5.7600 5.76
3 1 16440 5.8560 5.86
3 2 313352 102.2848 100.00
4 1 14940 5.7600 5.76
4 2 314400 60.3648 60.36
time: 35000
0 1 314400 0.0000 0.00
1 1 18000 1.3440 1.34
2 1 314400 0.0000 0.00
2 2 17160 5.8560 5.86
3 1 18000 2.4960 2.50
3 2 314400 1.6768 1.68
4 1 18000 4.8960 4.90
4 2 314400 0.0000 0.00
