2003008678 8 0 1 1
2003008785 5 0 1 1
2003008785 6 0 1 1
2003008785 7 0 1 1
2003012887 10 1 3 1
2003025882 9 1 1 1
2003037247 8 0 1 0
2003037461 5 0 1 0
2003037568 6 0 1 0
2003037675 7 0 1 0
2003042881 2 0 1 1
2003045283 8 0 1 1
2003045497 6 0 1 1
2003045497 5 0 1 1
2003045604 7 0 1 1
2003049198 10 1 3 0
2003055197 9 1 1 0
2003061127 10 1 3 1
2003064195 2 0 1 0
2003073627 8 0 1 0
2003073841 6 0 1 0
2003073948 5 0 1 0
2003074162 7 0 1 0
2003081877 8 0 1 1
2003081984 5 0 1 1
2003081984 6 0 1 1
2003082198 7 0 1 1
2003090928 10 1 3 0
2003115571 6 0 1 0
2003115678 8 0 1 0
2003115892 5 0 1 0
2003116213 7 0 1 0
2003123821 6 0 1 1
2003123928 8 0 1 1
2003124142 5 0 1 1
2003124463 7 0 1 1
2003149490 8 0 1 0
2003149597 6 0 1 0
2003150239 5 0 1 0
2003150988 7 0 1 0
2003157954 8 0 1 1
2003158061 6 0 1 1
2003158596 5 0 1 1
2003159131 7 0 1 1
2003182553 6 0 1 0
2003182660 8 0 1 0
2003184158 5 0 1 0
2003186191 7 0 1 0
2003191231 6 0 1 1
2003191338 8 0 1 1
2003192622 5 0 1 1
2003194227 7 0 1 1
2003214225 8 0 1 0
2003214332 6 0 1 0
2003217970 5 0 1 0
2003222689 8 0 1 1
2003222796 6 0 1 1
2003223962 7 0 1 0
2003226541 5 0 1 1
2003232105 7 0 1 1
2003242580 8 0 1 0
2003242794 6 0 1 0
2003250712 5 0 1 0
2003250937 8 0 1 1
2003251151 6 0 1 1
2003258630 7 0 1 0
2003258962 5 0 1 1
2003266666 7 0 1 1
2003273396 8 0 1 0
2003273503 6 0 1 0
2003281646 8 0 1 1
2003281753 6 0 1 1
2003283989 5 0 1 0
2003292132 5 0 1 1
2003292228 7 0 1 0
2003300264 7 0 1 1
2003306780 8 0 1 0
2003306887 6 0 1 0
2003315030 8 0 1 1
2003315137 6 0 1 1
2003317052 5 0 1 0
2003325184 7 0 1 0
2003325302 5 0 1 1
2003333327 7 0 1 1
2003339843 8 0 1 0
2003339950 6 0 1 0
2003348093 8 0 1 1
2003348200 6 0 1 1
2003350222 5 0 1 0
2003358365 5 0 1 1
2003358568 7 0 1 0
2003366711 7 0 1 1
2003373120 8 0 1 0
2003373227 6 0 1 0
2003381370 8 0 1 1
2003381477 6 0 1 1
2003383392 5 0 1 0
2003391535 5 0 1 1
2003391845 7 0 1 0
2003399988 7 0 1 1
2003406397 8 0 1 0
2003406504 6 0 1 0
2003414647 8 0 1 1
2003414754 6 0 1 1
2003416669 5 0 1 0
2003424812 5 0 1 1
2003425015 7 0 1 0
2003433158 7 0 1 1
2003439567 8 0 1 0
2003439674 6 0 1 0
2003447817 8 0 1 1
2003447924 6 0 1 1
2003449839 5 0 1 0
2003457982 5 0 1 1
2003458185 7 0 1 0
2003466328 7 0 1 1
2003472737 8 0 1 0
2003472844 6 0 1 0
2003480987 8 0 1 1
2003481094 6 0 1 1
2003483009 5 0 1 0
2003491152 5 0 1 1
2003491355 7 0 1 0
2003499498 7 0 1 1
2003506014 8 0 1 0
2003506121 6 0 1 0
2003514264 8 0 1 1
2003514371 6 0 1 1
2003516286 5 0 1 0
2003524429 5 0 1 1
2003524632 7 0 1 0
2003532775 7 0 1 1
2003539184 8 0 1 0
2003539291 6 0 1 0
2003547434 8 0 1 1
2003547541 6 0 1 1
2003549456 5 0 1 0
2003557599 5 0 1 1
2003557802 7 0 1 0
2003565945 7 0 1 1
2003572354 8 0 1 0
2003572461 6 0 1 0
2003580604 8 0 1 1
2003580711 6 0 1 1
2003582626 5 0 1 0
2003590769 5 0 1 1
2003590972 7 0 1 0
2003599115 7 0 1 1
2003605524 8 0 1 0
2003605631 6 0 1 0
2003613774 8 0 1 1
2003613881 6 0 1 1
2003615903 5 0 1 0
2003624046 5 0 1 1
2003624249 7 0 1 0
2003632392 7 0 1 1
2003638801 8 0 1 0
2003638908 6 0 1 0
2003647051 8 0 1 1
2003647158 6 0 1 1
2003649073 5 0 1 0
2003657312 7 0 1 0
2003657323 5 0 1 1
2003664695 8 0 1 0
2003665016 6 0 1 0
2003665669 7 0 1 1
2003672929 5 0 1 0
2003680577 7 0 1 0
