time: 2000000000
9 1 1
9 2 1
9 3 1
10 1 1
10 2 1
10 3 1
10 4 1
11 1 1
11 2 1
12 1 1
12 2 1
12 3 1
12 4 1
12 5 1
12 6 1
12 7 1
time: 2001000000
9 1 4901 5100
9 2 10001
9 3 10001
10 1 10001
10 2 10001
10 3 10001
10 4 10001
11 1 10001
11 2 10001
12 1 10001
12 2 10001
12 3 10001
12 4 10001
12 5 10001
12 6 10001
12 7 10001
time: 2002000000
9 1 9785 10216
9 2 20001
9 3 20001
10 1 20001
10 2 20001
10 3 20001
10 4 20001
11 1 20001
11 2 20001
12 1 20001
12 2 20001
12 3 20001
12 4 20001
12 5 20001
12 6 20001
12 7 20001
time: 2003000000
9 1 14669 15332
9 2 30001
9 3 30001
10 1 30001
10 2 30001
10 3 30001
10 4 30001
11 1 30001
11 2 30001
12 1 30001
12 2 30001
12 3 30001
12 4 30001
12 5 30001
12 6 30001
12 7 30001
time: 2004000000
9 1 24107 15465 5 0 2 4 2 0 4 3 4 0 1 3 1 0 3 1 4 0 1 3 1 0 3 1 3 0 2 3 0 1 3 1 0 3 1 4 0 1 3 1 0 3 1 3 0 2 3 1 0 3 1 3 0 1 4 1 0 3 1 0 3 1 3 0 1 4 1 0 3 1 4 0 1 3 3 0 3 3 3 0 3 4 3 0 4 3 3 0 3 3 0 4 3 3 0 3 3 3 0 4 3 3 0 4 3 3 0 3 4 3 0 3 3 3 0 3 3 4 0 3 3 0 4 3 3 0 4 3 3 0 3 3 3 0 3 4 3 0 3 3 3 0 4 3 4 0 3 3 3 0 3 3 0 4 3 3 0 3 3 3 0 4 93
9 2 40001
9 3 40001
10 1 40001
10 2 40001
10 3 39250 8 7 0 7 6 6 0 6 7 7 0 6 6 6 0 6 6 273 0 3 4 3 0 3 3 3 0 4 3 0 3 3 3 0 3 4 3 0 3 4 3 0 3 3 4 0 3 3 3 0 3 3 3 0 4 3 3 0 3 4 0 3 4 3 0 3 3 3 0 3 3 4 0 3 3 3 0 3 4 3 0 4 3 3 0 3 3 3 0 4 3 0 3 3 3 0 3 4 204
10 4 40001
11 1 40001
11 2 39668 9 5 0 4 4 4 0 3 5 5 0 5 4 4 0 3 4 4 0 7 4 4 0 4 3 4 0 4 7 0 4 4 4 0 3 4 4 0 8 6 5 0 7 6 5 0 7 8 53 0 105
12 1 40001
12 2 33229 1 0 1 1 1 1 1 1 1 1 2 1 0 2 1 1 0 2 1 1 0 1 1 2 0 1 1 2 0 1 2 0 2 1 1 1 5 1 2 2 4 1 5 4 5 1 7 6 5 2 8 5 9 1 6 6 6 1 6 5 1 8 4 6 1 8 4 6 2 5 10 6 1 8 7 7 1 6 9 10 1 10 7 10 1 9 8 8 2 13 7 1 8 10 9 1 8 10 8 1 10 9 10 0 9 8 9 0 9 10 9 0 11 9 8 0 11 9 9 0 10 9 1 7 9 8 0 9 9 8 0 10 10 8 0 9 10 11 0 10 11 11 0 9 10 11 0 8 12 14 10 77 15 2 11 12 13 1 10 12 14 1 10 12 13 1 11 11 13 1 13 10 15 1 19 67 12 0 13 18 27 0 35 37 1 38 36 39 0 40 35 38 0 39 38 35 0 41 37 38 0 40 36 37 0 41 37 38 0 39 37 36 0 41 37 1 35 40 38 0 40 37 36 0 38 38 37 0 39 40 35 0 39 40 35 0 39 38 39 0 39 35 36 0 36 37 0 46 36 37 0 34 37 36 0 34 36 39 0 121 853 725 0 330 34 44 0 106 34 35 0 37 38 35 0 33 35 0 36 38 84 0 37 31 30 0 24 9 7 0 10 8 8 0 10 9 8 0 9 7 50 0 47 7 10 0 9 14 0 16 10 8 0 9 10 9 0 8 9 10 0 8 9 12 0 9 8 11 0 22 9 6 0 8 9 0 6 8 9 0 12 5 5 0 7 5 6 0 7 8 6 0 5 5 5 0 4 6 6 0 4 6 6 0 4 5 0 6 6 5 0 7 3 3 0 4 4 4 0 4 4 4 0 4 3 3 0 5 4 1 0 2 1 2 0 2 1 0 2 1 2 0 1 2 1 0 1 2 1 0 1 2 1 0 1 2 1 0 1 2 2 0 1 2 1 0 1 2 0 1 1 2 0 1 1 2 0 1 1 3 0 1 3
12 3 40001
12 4 40001
12 5 40001
12 6 40001
12 7 40001
time: 2005000000
9 1 33782 15790 5 0 2 4 2 0 4 3 4 0 1 3 1 0 3 1 4 0 1 3 1 0 3 1 3 0 2 3 0 1 3 1 0 3 1 4 0 1 3 1 0 3 1 3 0 2 3 1 0 3 1 3 0 1 4 1 0 3 1 0 3 1 3 0 1 4 1 0 3 1 4 0 1 3 3 0 3 3 3 0 3 4 3 0 4 3 3 0 3 3 0 4 3 3 0 3 3 3 0 4 3 3 0 4 3 3 0 3 4 3 0 3 3 3 0 3 3 4 0 3 3 0 4 3 3 0 4 3 3 0 3 3 3 0 3 4 3 0 3 3 3 0 4 3 4 0 3 3 3 0 3 3 0 4 3 3 0 3 3 3 0 4 93
9 2 50001
9 3 50001
10 1 50001
10 2 50001
10 3 49250 8 7 0 7 6 6 0 6 7 7 0 6 6 6 0 6 6 273 0 3 4 3 0 3 3 3 0 4 3 0 3 3 3 0 3 4 3 0 3 4 3 0 3 3 4 0 3 3 3 0 3 3 3 0 4 3 3 0 3 4 0 3 4 3 0 3 3 3 0 3 3 4 0 3 3 3 0 3 4 3 0 4 3 3 0 3 3 3 0 4 3 0 3 3 3 0 3 4 204
10 4 50001
11 1 50001
11 2 49664 13 5 0 4 4 4 0 3 5 5 0 5 4 4 0 3 4 4 0 7 4 4 0 4 3 4 0 4 7 0 4 4 4 0 3 4 4 0 8 6 5 0 7 6 5 0 7 8 53 0 105
12 1 50001
12 2 43229 1 0 1 1 1 1 1 1 1 1 2 1 0 2 1 1 0 2 1 1 0 1 1 2 0 1 1 2 0 1 2 0 2 1 1 1 5 1 2 2 4 1 5 4 5 1 7 6 5 2 8 5 9 1 6 6 6 1 6 5 1 8 4 6 1 8 4 6 2 5 10 6 1 8 7 7 1 6 9 10 1 10 7 10 1 9 8 8 2 13 7 1 8 10 9 1 8 10 8 1 10 9 10 0 9 8 9 0 9 10 9 0 11 9 8 0 11 9 9 0 10 9 1 7 9 8 0 9 9 8 0 10 10 8 0 9 10 11 0 10 11 11 0 9 10 11 0 8 12 14 10 77 15 2 11 12 13 1 10 12 14 1 10 12 13 1 11 11 13 1 13 10 15 1 19 67 12 0 13 18 27 0 35 37 1 38 36 39 0 40 35 38 0 39 38 35 0 41 37 38 0 40 36 37 0 41 37 38 0 39 37 36 0 41 37 1 35 40 38 0 40 37 36 0 38 38 37 0 39 40 35 0 39 40 35 0 39 38 39 0 39 35 36 0 36 37 0 46 36 37 0 34 37 36 0 34 36 39 0 121 853 725 0 330 34 44 0 106 34 35 0 37 38 35 0 33 35 0 36 38 84 0 37 31 30 0 24 9 7 0 10 8 8 0 10 9 8 0 9 7 50 0 47 7 10 0 9 14 0 16 10 8 0 9 10 9 0 8 9 10 0 8 9 12 0 9 8 11 0 22 9 6 0 8 9 0 6 8 9 0 12 5 5 0 7 5 6 0 7 8 6 0 5 5 5 0 4 6 6 0 4 6 6 0 4 5 0 6 6 5 0 7 3 3 0 4 4 4 0 4 4 4 0 4 3 3 0 5 4 1 0 2 1 2 0 2 1 0 2 1 2 0 1 2 1 0 1 2 1 0 1 2 1 0 1 2 1 0 1 2 2 0 1 2 1 0 1 2 0 1 1 2 0 1 1 2 0 1 1 3 0 1 3
12 3 50001
12 4 50001
12 5 50001
12 6 50001
12 7 50001
time: 2006000000
9 1 42557 17015 5 0 2 4 2 0 4 3 4 0 1 3 1 0 3 1 4 0 1 3 1 0 3 1 3 0 2 3 0 1 3 1 0 3 1 4 0 1 3 1 0 3 1 3 0 2 3 1 0 3 1 3 0 1 4 1 0 3 1 0 3 1 3 0 1 4 1 0 3 1 4 0 1 3 3 0 3 3 3 0 3 4 3 0 4 3 3 0 3 3 0 4 3 3 0 3 3 3 0 4 3 3 0 4 3 3 0 3 4 3 0 3 3 3 0 3 3 4 0 3 3 0 4 3 3 0 4 3 3 0 3 3 3 0 3 4 3 0 3 3 3 0 4 3 4 0 3 3 3 0 3 3 0 4 3 3 0 3 3 3 0 4 93
9 2 60001
9 3 60001
10 1 60001
10 2 60001
10 3 59250 8 7 0 7 6 6 0 6 7 7 0 6 6 6 0 6 6 273 0 3 4 3 0 3 3 3 0 4 3 0 3 3 3 0 3 4 3 0 3 4 3 0 3 3 4 0 3 3 3 0 3 3 3 0 4 3 3 0 3 4 0 3 4 3 0 3 3 3 0 3 3 4 0 3 3 3 0 3 4 3 0 4 3 3 0 3 3 3 0 4 3 0 3 3 3 0 3 4 204
10 4 60001
11 1 60001
11 2 59594 83 5 0 4 4 4 0 3 5 5 0 5 4 4 0 3 4 4 0 7 4 4 0 4 3 4 0 4 7 0 4 4 4 0 3 4 4 0 8 6 5 0 7 6 5 0 7 8 53 0 105
12 1 60001
12 2 53229 1 0 1 1 1 1 1 1 1 1 2 1 0 2 1 1 0 2 1 1 0 1 1 2 0 1 1 2 0 1 2 0 2 1 1 1 5 1 2 2 4 1 5 4 5 1 7 6 5 2 8 5 9 1 6 6 6 1 6 5 1 8 4 6 1 8 4 6 2 5 10 6 1 8 7 7 1 6 9 10 1 10 7 10 1 9 8 8 2 13 7 1 8 10 9 1 8 10 8 1 10 9 10 0 9 8 9 0 9 10 9 0 11 9 8 0 11 9 9 0 10 9 1 7 9 8 0 9 9 8 0 10 10 8 0 9 10 11 0 10 11 11 0 9 10 11 0 8 12 14 10 77 15 2 11 12 13 1 10 12 14 1 10 12 13 1 11 11 13 1 13 10 15 1 19 67 12 0 13 18 27 0 35 37 1 38 36 39 0 40 35 38 0 39 38 35 0 41 37 38 0 40 36 37 0 41 37 38 0 39 37 36 0 41 37 1 35 40 38 0 40 37 36 0 38 38 37 0 39 40 35 0 39 40 35 0 39 38 39 0 39 35 36 0 36 37 0 46 36 37 0 34 37 36 0 34 36 39 0 121 853 725 0 330 34 44 0 106 34 35 0 37 38 35 0 33 35 0 36 38 84 0 37 31 30 0 24 9 7 0 10 8 8 0 10 9 8 0 9 7 50 0 47 7 10 0 9 14 0 16 10 8 0 9 10 9 0 8 9 10 0 8 9 12 0 9 8 11 0 22 9 6 0 8 9 0 6 8 9 0 12 5 5 0 7 5 6 0 7 8 6 0 5 5 5 0 4 6 6 0 4 6 6 0 4 5 0 6 6 5 0 7 3 3 0 4 4 4 0 4 4 4 0 4 3 3 0 5 4 1 0 2 1 2 0 2 1 0 2 1 2 0 1 2 1 0 1 2 1 0 1 2 1 0 1 2 1 0 1 2 2 0 1 2 1 0 1 2 0 1 1 2 0 1 1 2 0 1 1 3 0 1 3
12 3 60001
12 4 60001
12 5 60001
12 6 60001
12 7 60001
time: 2007000000
9 1 50348 19224 5 0 2 4 2 0 4 3 4 0 1 3 1 0 3 1 4 0 1 3 1 0 3 1 3 0 2 3 0 1 3 1 0 3 1 4 0 1 3 1 0 3 1 3 0 2 3 1 0 3 1 3 0 1 4 1 0 3 1 0 3 1 3 0 1 4 1 0 3 1 4 0 1 3 3 0 3 3 3 0 3 4 3 0 4 3 3 0 3 3 0 4 3 3 0 3 3 3 0 4 3 3 0 4 3 3 0 3 4 3 0 3 3 3 0 3 3 4 0 3 3 0 4 3 3 0 4 3 3 0 3 3 3 0 3 4 3 0 3 3 3 0 4 3 4 0 3 3 3 0 3 3 0 4 3 3 0 3 3 3 0 4 93
9 2 70001
9 3 70001
10 1 70001
10 2 70001
10 3 69250 8 7 0 7 6 6 0 6 7 7 0 6 6 6 0 6 6 273 0 3 4 3 0 3 3 3 0 4 3 0 3 3 3 0 3 4 3 0 3 4 3 0 3 3 4 0 3 3 3 0 3 3 3 0 4 3 3 0 3 4 0 3 4 3 0 3 3 3 0 3 3 4 0 3 3 3 0 3 4 3 0 4 3 3 0 3 3 3 0 4 3 0 3 3 3 0 3 4 204
10 4 70001
11 1 70001
11 2 69246 431 5 0 4 4 4 0 3 5 5 0 5 4 4 0 3 4 4 0 7 4 4 0 4 3 4 0 4 7 0 4 4 4 0 3 4 4 0 8 6 5 0 7 6 5 0 7 8 53 0 105
12 1 70001
12 2 63229 1 0 1 1 1 1 1 1 1 1 2 1 0 2 1 1 0 2 1 1 0 1 1 2 0 1 1 2 0 1 2 0 2 1 1 1 5 1 2 2 4 1 5 4 5 1 7 6 5 2 8 5 9 1 6 6 6 1 6 5 1 8 4 6 1 8 4 6 2 5 10 6 1 8 7 7 1 6 9 10 1 10 7 10 1 9 8 8 2 13 7 1 8 10 9 1 8 10 8 1 10 9 10 0 9 8 9 0 9 10 9 0 11 9 8 0 11 9 9 0 10 9 1 7 9 8 0 9 9 8 0 10 10 8 0 9 10 11 0 10 11 11 0 9 10 11 0 8 12 14 10 77 15 2 11 12 13 1 10 12 14 1 10 12 13 1 11 11 13 1 13 10 15 1 19 67 12 0 13 18 27 0 35 37 1 38 36 39 0 40 35 38 0 39 38 35 0 41 37 38 0 40 36 37 0 41 37 38 0 39 37 36 0 41 37 1 35 40 38 0 40 37 36 0 38 38 37 0 39 40 35 0 39 40 35 0 39 38 39 0 39 35 36 0 36 37 0 46 36 37 0 34 37 36 0 34 36 39 0 121 853 725 0 330 34 44 0 106 34 35 0 37 38 35 0 33 35 0 36 38 84 0 37 31 30 0 24 9 7 0 10 8 8 0 10 9 8 0 9 7 50 0 47 7 10 0 9 14 0 16 10 8 0 9 10 9 0 8 9 10 0 8 9 12 0 9 8 11 0 22 9 6 0 8 9 0 6 8 9 0 12 5 5 0 7 5 6 0 7 8 6 0 5 5 5 0 4 6 6 0 4 6 6 0 4 5 0 6 6 5 0 7 3 3 0 4 4 4 0 4 4 4 0 4 3 3 0 5 4 1 0 2 1 2 0 2 1 0 2 1 2 0 1 2 1 0 1 2 1 0 1 2 1 0 1 2 1 0 1 2 2 0 1 2 1 0 1 2 0 1 1 2 0 1 1 2 0 1 1 3 0 1 3
12 3 70001
12 4 70001
12 5 70001
12 6 70001
12 7 70001
time: 2008000000
9 1 58309 21263 5 0 2 4 2 0 4 3 4 0 1 3 1 0 3 1 4 0 1 3 1 0 3 1 3 0 2 3 0 1 3 1 0 3 1 4 0 1 3 1 0 3 1 3 0 2 3 1 0 3 1 3 0 1 4 1 0 3 1 0 3 1 3 0 1 4 1 0 3 1 4 0 1 3 3 0 3 3 3 0 3 4 3 0 4 3 3 0 3 3 0 4 3 3 0 3 3 3 0 4 3 3 0 4 3 3 0 3 4 3 0 3 3 3 0 3 3 4 0 3 3 0 4 3 3 0 4 3 3 0 3 3 3 0 3 4 3 0 3 3 3 0 4 3 4 0 3 3 3 0 3 3 0 4 3 3 0 3 3 3 0 4 93
9 2 80001
9 3 80001
10 1 80001
10 2 80001
10 3 79250 8 7 0 7 6 6 0 6 7 7 0 6 6 6 0 6 6 273 0 3 4 3 0 3 3 3 0 4 3 0 3 3 3 0 3 4 3 0 3 4 3 0 3 3 4 0 3 3 3 0 3 3 3 0 4 3 3 0 3 4 0 3 4 3 0 3 3 3 0 3 3 4 0 3 3 3 0 3 4 3 0 4 3 3 0 3 3 3 0 4 3 0 3 3 3 0 3 4 204
10 4 80001
11 1 80001
11 2 78591 1086 5 0 4 4 4 0 3 5 5 0 5 4 4 0 3 4 4 0 7 4 4 0 4 3 4 0 4 7 0 4 4 4 0 3 4 4 0 8 6 5 0 7 6 5 0 7 8 53 0 105
12 1 80001
12 2 73229 1 0 1 1 1 1 1 1 1 1 2 1 0 2 1 1 0 2 1 1 0 1 1 2 0 1 1 2 0 1 2 0 2 1 1 1 5 1 2 2 4 1 5 4 5 1 7 6 5 2 8 5 9 1 6 6 6 1 6 5 1 8 4 6 1 8 4 6 2 5 10 6 1 8 7 7 1 6 9 10 1 10 7 10 1 9 8 8 2 13 7 1 8 10 9 1 8 10 8 1 10 9 10 0 9 8 9 0 9 10 9 0 11 9 8 0 11 9 9 0 10 9 1 7 9 8 0 9 9 8 0 10 10 8 0 9 10 11 0 10 11 11 0 9 10 11 0 8 12 14 10 77 15 2 11 12 13 1 10 12 14 1 10 12 13 1 11 11 13 1 13 10 15 1 19 67 12 0 13 18 27 0 35 37 1 38 36 39 0 40 35 38 0 39 38 35 0 41 37 38 0 40 36 37 0 41 37 38 0 39 37 36 0 41 37 1 35 40 38 0 40 37 36 0 38 38 37 0 39 40 35 0 39 40 35 0 39 38 39 0 39 35 36 0 36 37 0 46 36 37 0 34 37 36 0 34 36 39 0 121 853 725 0 330 34 44 0 106 34 35 0 37 38 35 0 33 35 0 36 38 84 0 37 31 30 0 24 9 7 0 10 8 8 0 10 9 8 0 9 7 50 0 47 7 10 0 9 14 0 16 10 8 0 9 10 9 0 8 9 10 0 8 9 12 0 9 8 11 0 22 9 6 0 8 9 0 6 8 9 0 12 5 5 0 7 5 6 0 7 8 6 0 5 5 5 0 4 6 6 0 4 6 6 0 4 5 0 6 6 5 0 7 3 3 0 4 4 4 0 4 4 4 0 4 3 3 0 5 4 1 0 2 1 2 0 2 1 0 2 1 2 0 1 2 1 0 1 2 1 0 1 2 1 0 1 2 1 0 1 2 2 0 1 2 1 0 1 2 0 1 1 2 0 1 1 2 0 1 1 3 0 1 3
12 3 80001
12 4 80001
12 5 80001
12 6 80001
12 7 80001
time: 2009000000
9 1 65547 24025 5 0 2 4 2 0 4 3 4 0 1 3 1 0 3 1 4 0 1 3 1 0 3 1 3 0 2 3 0 1 3 1 0 3 1 4 0 1 3 1 0 3 1 3 0 2 3 1 0 3 1 3 0 1 4 1 0 3 1 0 3 1 3 0 1 4 1 0 3 1 4 0 1 3 3 0 3 3 3 0 3 4 3 0 4 3 3 0 3 3 0 4 3 3 0 3 3 3 0 4 3 3 0 4 3 3 0 3 4 3 0 3 3 3 0 3 3 4 0 3 3 0 4 3 3 0 4 3 3 0 3 3 3 0 3 4 3 0 3 3 3 0 4 3 4 0 3 3 3 0 3 3 0 4 3 3 0 3 3 3 0 4 93
9 2 90001
9 3 90001
10 1 90001
10 2 90001
10 3 89250 8 7 0 7 6 6 0 6 7 7 0 6 6 6 0 6 6 273 0 3 4 3 0 3 3 3 0 4 3 0 3 3 3 0 3 4 3 0 3 4 3 0 3 3 4 0 3 3 3 0 3 3 3 0 4 3 3 0 3 4 0 3 4 3 0 3 3 3 0 3 3 4 0 3 3 3 0 3 4 3 0 4 3 3 0 3 3 3 0 4 3 0 3 3 3 0 3 4 204
10 4 90001
11 1 90001
11 2 88052 1625 5 0 4 4 4 0 3 5 5 0 5 4 4 0 3 4 4 0 7 4 4 0 4 3 4 0 4 7 0 4 4 4 0 3 4 4 0 8 6 5 0 7 6 5 0 7 8 53 0 105
12 1 90001
12 2 83229 1 0 1 1 1 1 1 1 1 1 2 1 0 2 1 1 0 2 1 1 0 1 1 2 0 1 1 2 0 1 2 0 2 1 1 1 5 1 2 2 4 1 5 4 5 1 7 6 5 2 8 5 9 1 6 6 6 1 6 5 1 8 4 6 1 8 4 6 2 5 10 6 1 8 7 7 1 6 9 10 1 10 7 10 1 9 8 8 2 13 7 1 8 10 9 1 8 10 8 1 10 9 10 0 9 8 9 0 9 10 9 0 11 9 8 0 11 9 9 0 10 9 1 7 9 8 0 9 9 8 0 10 10 8 0 9 10 11 0 10 11 11 0 9 10 11 0 8 12 14 10 77 15 2 11 12 13 1 10 12 14 1 10 12 13 1 11 11 13 1 13 10 15 1 19 67 12 0 13 18 27 0 35 37 1 38 36 39 0 40 35 38 0 39 38 35 0 41 37 38 0 40 36 37 0 41 37 38 0 39 37 36 0 41 37 1 35 40 38 0 40 37 36 0 38 38 37 0 39 40 35 0 39 40 35 0 39 38 39 0 39 35 36 0 36 37 0 46 36 37 0 34 37 36 0 34 36 39 0 121 853 725 0 330 34 44 0 106 34 35 0 37 38 35 0 33 35 0 36 38 84 0 37 31 30 0 24 9 7 0 10 8 8 0 10 9 8 0 9 7 50 0 47 7 10 0 9 14 0 16 10 8 0 9 10 9 0 8 9 10 0 8 9 12 0 9 8 11 0 22 9 6 0 8 9 0 6 8 9 0 12 5 5 0 7 5 6 0 7 8 6 0 5 5 5 0 4 6 6 0 4 6 6 0 4 5 0 6 6 5 0 7 3 3 0 4 4 4 0 4 4 4 0 4 3 3 0 5 4 1 0 2 1 2 0 2 1 0 2 1 2 0 1 2 1 0 1 2 1 0 1 2 1 0 1 2 1 0 1 2 2 0 1 2 1 0 1 2 0 1 1 2 0 1 1 2 0 1 1 3 0 1 3
12 3 90001
12 4 90001
12 5 90001
12 6 90001
12 7 90001
time: 2010000000
9 1 73716 25856 5 0 2 4 2 0 4 3 4 0 1 3 1 0 3 1 4 0 1 3 1 0 3 1 3 0 2 3 0 1 3 1 0 3 1 4 0 1 3 1 0 3 1 3 0 2 3 1 0 3 1 3 0 1 4 1 0 3 1 0 3 1 3 0 1 4 1 0 3 1 4 0 1 3 3 0 3 3 3 0 3 4 3 0 4 3 3 0 3 3 0 4 3 3 0 3 3 3 0 4 3 3 0 4 3 3 0 3 4 3 0 3 3 3 0 3 3 4 0 3 3 0 4 3 3 0 4 3 3 0 3 3 3 0 3 4 3 0 3 3 3 0 4 3 4 0 3 3 3 0 3 3 0 4 3 3 0 3 3 3 0 4 93
9 2 100001
9 3 100001
10 1 100001
10 2 100001
10 3 99250 8 7 0 7 6 6 0 6 7 7 0 6 6 6 0 6 6 273 0 3 4 3 0 3 3 3 0 4 3 0 3 3 3 0 3 4 3 0 3 4 3 0 3 3 4 0 3 3 3 0 3 3 3 0 4 3 3 0 3 4 0 3 4 3 0 3 3 3 0 3 3 4 0 3 3 3 0 3 4 3 0 4 3 3 0 3 3 3 0 4 3 0 3 3 3 0 3 4 204
10 4 100001
11 1 100001
11 2 97439 2238 5 0 4 4 4 0 3 5 5 0 5 4 4 0 3 4 4 0 7 4 4 0 4 3 4 0 4 7 0 4 4 4 0 3 4 4 0 8 6 5 0 7 6 5 0 7 8 53 0 105
12 1 100001
12 2 93229 1 0 1 1 1 1 1 1 1 1 2 1 0 2 1 1 0 2 1 1 0 1 1 2 0 1 1 2 0 1 2 0 2 1 1 1 5 1 2 2 4 1 5 4 5 1 7 6 5 2 8 5 9 1 6 6 6 1 6 5 1 8 4 6 1 8 4 6 2 5 10 6 1 8 7 7 1 6 9 10 1 10 7 10 1 9 8 8 2 13 7 1 8 10 9 1 8 10 8 1 10 9 10 0 9 8 9 0 9 10 9 0 11 9 8 0 11 9 9 0 10 9 1 7 9 8 0 9 9 8 0 10 10 8 0 9 10 11 0 10 11 11 0 9 10 11 0 8 12 14 10 77 15 2 11 12 13 1 10 12 14 1 10 12 13 1 11 11 13 1 13 10 15 1 19 67 12 0 13 18 27 0 35 37 1 38 36 39 0 40 35 38 0 39 38 35 0 41 37 38 0 40 36 37 0 41 37 38 0 39 37 36 0 41 37 1 35 40 38 0 40 37 36 0 38 38 37 0 39 40 35 0 39 40 35 0 39 38 39 0 39 35 36 0 36 37 0 46 36 37 0 34 37 36 0 34 36 39 0 121 853 725 0 330 34 44 0 106 34 35 0 37 38 35 0 33 35 0 36 38 84 0 37 31 30 0 24 9 7 0 10 8 8 0 10 9 8 0 9 7 50 0 47 7 10 0 9 14 0 16 10 8 0 9 10 9 0 8 9 10 0 8 9 12 0 9 8 11 0 22 9 6 0 8 9 0 6 8 9 0 12 5 5 0 7 5 6 0 7 8 6 0 5 5 5 0 4 6 6 0 4 6 6 0 4 5 0 6 6 5 0 7 3 3 0 4 4 4 0 4 4 4 0 4 3 3 0 5 4 1 0 2 1 2 0 2 1 0 2 1 2 0 1 2 1 0 1 2 1 0 1 2 1 0 1 2 1 0 1 2 2 0 1 2 1 0 1 2 0 1 1 2 0 1 1 2 0 1 1 3 0 1 3
12 3 100001
12 4 100001
12 5 100001
12 6 100001
12 7 100001
time: 2011000000
9 1 80327 29245 5 0 2 4 2 0 4 3 4 0 1 3 1 0 3 1 4 0 1 3 1 0 3 1 3 0 2 3 0 1 3 1 0 3 1 4 0 1 3 1 0 3 1 3 0 2 3 1 0 3 1 3 0 1 4 1 0 3 1 0 3 1 3 0 1 4 1 0 3 1 4 0 1 3 3 0 3 3 3 0 3 4 3 0 4 3 3 0 3 3 0 4 3 3 0 3 3 3 0 4 3 3 0 4 3 3 0 3 4 3 0 3 3 3 0 3 3 4 0 3 3 0 4 3 3 0 4 3 3 0 3 3 3 0 3 4 3 0 3 3 3 0 4 3 4 0 3 3 3 0 3 3 0 4 3 3 0 3 3 3 0 4 93
9 2 110001
9 3 110001
10 1 110001
10 2 110001
10 3 109250 8 7 0 7 6 6 0 6 7 7 0 6 6 6 0 6 6 273 0 3 4 3 0 3 3 3 0 4 3 0 3 3 3 0 3 4 3 0 3 4 3 0 3 3 4 0 3 3 3 0 3 3 3 0 4 3 3 0 3 4 0 3 4 3 0 3 3 3 0 3 3 4 0 3 3 3 0 3 4 3 0 4 3 3 0 3 3 3 0 4 3 0 3 3 3 0 3 4 204
10 4 110001
11 1 110001
11 2 106805 2872 5 0 4 4 4 0 3 5 5 0 5 4 4 0 3 4 4 0 7 4 4 0 4 3 4 0 4 7 0 4 4 4 0 3 4 4 0 8 6 5 0 7 6 5 0 7 8 53 0 105
12 1 110001
12 2 103229 1 0 1 1 1 1 1 1 1 1 2 1 0 2 1 1 0 2 1 1 0 1 1 2 0 1 1 2 0 1 2 0 2 1 1 1 5 1 2 2 4 1 5 4 5 1 7 6 5 2 8 5 9 1 6 6 6 1 6 5 1 8 4 6 1 8 4 6 2 5 10 6 1 8 7 7 1 6 9 10 1 10 7 10 1 9 8 8 2 13 7 1 8 10 9 1 8 10 8 1 10 9 10 0 9 8 9 0 9 10 9 0 11 9 8 0 11 9 9 0 10 9 1 7 9 8 0 9 9 8 0 10 10 8 0 9 10 11 0 10 11 11 0 9 10 11 0 8 12 14 10 77 15 2 11 12 13 1 10 12 14 1 10 12 13 1 11 11 13 1 13 10 15 1 19 67 12 0 13 18 27 0 35 37 1 38 36 39 0 40 35 38 0 39 38 35 0 41 37 38 0 40 36 37 0 41 37 38 0 39 37 36 0 41 37 1 35 40 38 0 40 37 36 0 38 38 37 0 39 40 35 0 39 40 35 0 39 38 39 0 39 35 36 0 36 37 0 46 36 37 0 34 37 36 0 34 36 39 0 121 853 725 0 330 34 44 0 106 34 35 0 37 38 35 0 33 35 0 36 38 84 0 37 31 30 0 24 9 7 0 10 8 8 0 10 9 8 0 9 7 50 0 47 7 10 0 9 14 0 16 10 8 0 9 10 9 0 8 9 10 0 8 9 12 0 9 8 11 0 22 9 6 0 8 9 0 6 8 9 0 12 5 5 0 7 5 6 0 7 8 6 0 5 5 5 0 4 6 6 0 4 6 6 0 4 5 0 6 6 5 0 7 3 3 0 4 4 4 0 4 4 4 0 4 3 3 0 5 4 1 0 2 1 2 0 2 1 0 2 1 2 0 1 2 1 0 1 2 1 0 1 2 1 0 1 2 1 0 1 2 2 0 1 2 1 0 1 2 0 1 1 2 0 1 1 2 0 1 1 3 0 1 3
12 3 110001
12 4 110001
12 5 110001
12 6 110001
12 7 110001
time: 2012000000
9 1 86437 33135 5 0 2 4 2 0 4 3 4 0 1 3 1 0 3 1 4 0 1 3 1 0 3 1 3 0 2 3 0 1 3 1 0 3 1 4 0 1 3 1 0 3 1 3 0 2 3 1 0 3 1 3 0 1 4 1 0 3 1 0 3 1 3 0 1 4 1 0 3 1 4 0 1 3 3 0 3 3 3 0 3 4 3 0 4 3 3 0 3 3 0 4 3 3 0 3 3 3 0 4 3 3 0 4 3 3 0 3 4 3 0 3 3 3 0 3 3 4 0 3 3 0 4 3 3 0 4 3 3 0 3 3 3 0 3 4 3 0 3 3 3 0 4 3 4 0 3 3 3 0 3 3 0 4 3 3 0 3 3 3 0 4 93
9 2 120001
9 3 120001
10 1 120001
10 2 120001
10 3 119250 8 7 0 7 6 6 0 6 7 7 0 6 6 6 0 6 6 273 0 3 4 3 0 3 3 3 0 4 3 0 3 3 3 0 3 4 3 0 3 4 3 0 3 3 4 0 3 3 3 0 3 3 3 0 4 3 3 0 3 4 0 3 4 3 0 3 3 3 0 3 3 4 0 3 3 3 0 3 4 3 0 4 3 3 0 3 3 3 0 4 3 0 3 3 3 0 3 4 204
10 4 120001
11 1 120001
11 2 116805 2872 5 0 4 4 4 0 3 5 5 0 5 4 4 0 3 4 4 0 7 4 4 0 4 3 4 0 4 7 0 4 4 4 0 3 4 4 0 8 6 5 0 7 6 5 0 7 8 53 0 105
12 1 120001
12 2 113229 1 0 1 1 1 1 1 1 1 1 2 1 0 2 1 1 0 2 1 1 0 1 1 2 0 1 1 2 0 1 2 0 2 1 1 1 5 1 2 2 4 1 5 4 5 1 7 6 5 2 8 5 9 1 6 6 6 1 6 5 1 8 4 6 1 8 4 6 2 5 10 6 1 8 7 7 1 6 9 10 1 10 7 10 1 9 8 8 2 13 7 1 8 10 9 1 8 10 8 1 10 9 10 0 9 8 9 0 9 10 9 0 11 9 8 0 11 9 9 0 10 9 1 7 9 8 0 9 9 8 0 10 10 8 0 9 10 11 0 10 11 11 0 9 10 11 0 8 12 14 10 77 15 2 11 12 13 1 10 12 14 1 10 12 13 1 11 11 13 1 13 10 15 1 19 67 12 0 13 18 27 0 35 37 1 38 36 39 0 40 35 38 0 39 38 35 0 41 37 38 0 40 36 37 0 41 37 38 0 39 37 36 0 41 37 1 35 40 38 0 40 37 36 0 38 38 37 0 39 40 35 0 39 40 35 0 39 38 39 0 39 35 36 0 36 37 0 46 36 37 0 34 37 36 0 34 36 39 0 121 853 725 0 330 34 44 0 106 34 35 0 37 38 35 0 33 35 0 36 38 84 0 37 31 30 0 24 9 7 0 10 8 8 0 10 9 8 0 9 7 50 0 47 7 10 0 9 14 0 16 10 8 0 9 10 9 0 8 9 10 0 8 9 12 0 9 8 11 0 22 9 6 0 8 9 0 6 8 9 0 12 5 5 0 7 5 6 0 7 8 6 0 5 5 5 0 4 6 6 0 4 6 6 0 4 5 0 6 6 5 0 7 3 3 0 4 4 4 0 4 4 4 0 4 3 3 0 5 4 1 0 2 1 2 0 2 1 0 2 1 2 0 1 2 1 0 1 2 1 0 1 2 1 0 1 2 1 0 1 2 2 0 1 2 1 0 1 2 0 1 1 2 0 1 1 2 0 1 1 3 0 1 3
12 3 120001
12 4 120001
12 5 120001
12 6 120001
12 7 120001
time: 2013000000
9 1 93117 36455 5 0 2 4 2 0 4 3 4 0 1 3 1 0 3 1 4 0 1 3 1 0 3 1 3 0 2 3 0 1 3 1 0 3 1 4 0 1 3 1 0 3 1 3 0 2 3 1 0 3 1 3 0 1 4 1 0 3 1 0 3 1 3 0 1 4 1 0 3 1 4 0 1 3 3 0 3 3 3 0 3 4 3 0 4 3 3 0 3 3 0 4 3 3 0 3 3 3 0 4 3 3 0 4 3 3 0 3 4 3 0 3 3 3 0 3 3 4 0 3 3 0 4 3 3 0 4 3 3 0 3 3 3 0 3 4 3 0 3 3 3 0 4 3 4 0 3 3 3 0 3 3 0 4 3 3 0 3 3 3 0 4 93
9 2 130001
9 3 130001
10 1 130001
10 2 130001
10 3 129250 8 7 0 7 6 6 0 6 7 7 0 6 6 6 0 6 6 273 0 3 4 3 0 3 3 3 0 4 3 0 3 3 3 0 3 4 3 0 3 4 3 0 3 3 4 0 3 3 3 0 3 3 3 0 4 3 3 0 3 4 0 3 4 3 0 3 3 3 0 3 3 4 0 3 3 3 0 3 4 3 0 4 3 3 0 3 3 3 0 4 3 0 3 3 3 0 3 4 204
10 4 130001
11 1 130001
11 2 124706 4971 5 0 4 4 4 0 3 5 5 0 5 4 4 0 3 4 4 0 7 4 4 0 4 3 4 0 4 7 0 4 4 4 0 3 4 4 0 8 6 5 0 7 6 5 0 7 8 53 0 105
12 1 130001
12 2 123229 1 0 1 1 1 1 1 1 1 1 2 1 0 2 1 1 0 2 1 1 0 1 1 2 0 1 1 2 0 1 2 0 2 1 1 1 5 1 2 2 4 1 5 4 5 1 7 6 5 2 8 5 9 1 6 6 6 1 6 5 1 8 4 6 1 8 4 6 2 5 10 6 1 8 7 7 1 6 9 10 1 10 7 10 1 9 8 8 2 13 7 1 8 10 9 1 8 10 8 1 10 9 10 0 9 8 9 0 9 10 9 0 11 9 8 0 11 9 9 0 10 9 1 7 9 8 0 9 9 8 0 10 10 8 0 9 10 11 0 10 11 11 0 9 10 11 0 8 12 14 10 77 15 2 11 12 13 1 10 12 14 1 10 12 13 1 11 11 13 1 13 10 15 1 19 67 12 0 13 18 27 0 35 37 1 38 36 39 0 40 35 38 0 39 38 35 0 41 37 38 0 40 36 37 0 41 37 38 0 39 37 36 0 41 37 1 35 40 38 0 40 37 36 0 38 38 37 0 39 40 35 0 39 40 35 0 39 38 39 0 39 35 36 0 36 37 0 46 36 37 0 34 37 36 0 34 36 39 0 121 853 725 0 330 34 44 0 106 34 35 0 37 38 35 0 33 35 0 36 38 84 0 37 31 30 0 24 9 7 0 10 8 8 0 10 9 8 0 9 7 50 0 47 7 10 0 9 14 0 16 10 8 0 9 10 9 0 8 9 10 0 8 9 12 0 9 8 11 0 22 9 6 0 8 9 0 6 8 9 0 12 5 5 0 7 5 6 0 7 8 6 0 5 5 5 0 4 6 6 0 4 6 6 0 4 5 0 6 6 5 0 7 3 3 0 4 4 4 0 4 4 4 0 4 3 3 0 5 4 1 0 2 1 2 0 2 1 0 2 1 2 0 1 2 1 0 1 2 1 0 1 2 1 0 1 2 1 0 1 2 2 0 1 2 1 0 1 2 0 1 1 2 0 1 1 2 0 1 1 3 0 1 3
12 3 130001
12 4 130001
12 5 130001
12 6 130001
12 7 130001
time: 2014000000
9 1 98930 40642 5 0 2 4 2 0 4 3 4 0 1 3 1 0 3 1 4 0 1 3 1 0 3 1 3 0 2 3 0 1 3 1 0 3 1 4 0 1 3 1 0 3 1 3 0 2 3 1 0 3 1 3 0 1 4 1 0 3 1 0 3 1 3 0 1 4 1 0 3 1 4 0 1 3 3 0 3 3 3 0 3 4 3 0 4 3 3 0 3 3 0 4 3 3 0 3 3 3 0 4 3 3 0 4 3 3 0 3 4 3 0 3 3 3 0 3 3 4 0 3 3 0 4 3 3 0 4 3 3 0 3 3 3 0 3 4 3 0 3 3 3 0 4 3 4 0 3 3 3 0 3 3 0 4 3 3 0 3 3 3 0 4 93
9 2 140001
9 3 140001
10 1 140001
10 2 140001
10 3 139250 8 7 0 7 6 6 0 6 7 7 0 6 6 6 0 6 6 273 0 3 4 3 0 3 3 3 0 4 3 0 3 3 3 0 3 4 3 0 3 4 3 0 3 3 4 0 3 3 3 0 3 3 3 0 4 3 3 0 3 4 0 3 4 3 0 3 3 3 0 3 3 4 0 3 3 3 0 3 4 3 0 4 3 3 0 3 3 3 0 4 3 0 3 3 3 0 3 4 204
10 4 140001
11 1 140001
11 2 134009 5668 5 0 4 4 4 0 3 5 5 0 5 4 4 0 3 4 4 0 7 4 4 0 4 3 4 0 4 7 0 4 4 4 0 3 4 4 0 8 6 5 0 7 6 5 0 7 8 53 0 105
12 1 140001
12 2 133229 1 0 1 1 1 1 1 1 1 1 2 1 0 2 1 1 0 2 1 1 0 1 1 2 0 1 1 2 0 1 2 0 2 1 1 1 5 1 2 2 4 1 5 4 5 1 7 6 5 2 8 5 9 1 6 6 6 1 6 5 1 8 4 6 1 8 4 6 2 5 10 6 1 8 7 7 1 6 9 10 1 10 7 10 1 9 8 8 2 13 7 1 8 10 9 1 8 10 8 1 10 9 10 0 9 8 9 0 9 10 9 0 11 9 8 0 11 9 9 0 10 9 1 7 9 8 0 9 9 8 0 10 10 8 0 9 10 11 0 10 11 11 0 9 10 11 0 8 12 14 10 77 15 2 11 12 13 1 10 12 14 1 10 12 13 1 11 11 13 1 13 10 15 1 19 67 12 0 13 18 27 0 35 37 1 38 36 39 0 40 35 38 0 39 38 35 0 41 37 38 0 40 36 37 0 41 37 38 0 39 37 36 0 41 37 1 35 40 38 0 40 37 36 0 38 38 37 0 39 40 35 0 39 40 35 0 39 38 39 0 39 35 36 0 36 37 0 46 36 37 0 34 37 36 0 34 36 39 0 121 853 725 0 330 34 44 0 106 34 35 0 37 38 35 0 33 35 0 36 38 84 0 37 31 30 0 24 9 7 0 10 8 8 0 10 9 8 0 9 7 50 0 47 7 10 0 9 14 0 16 10 8 0 9 10 9 0 8 9 10 0 8 9 12 0 9 8 11 0 22 9 6 0 8 9 0 6 8 9 0 12 5 5 0 7 5 6 0 7 8 6 0 5 5 5 0 4 6 6 0 4 6 6 0 4 5 0 6 6 5 0 7 3 3 0 4 4 4 0 4 4 4 0 4 3 3 0 5 4 1 0 2 1 2 0 2 1 0 2 1 2 0 1 2 1 0 1 2 1 0 1 2 1 0 1 2 1 0 1 2 2 0 1 2 1 0 1 2 0 1 1 2 0 1 1 2 0 1 1 3 0 1 3
12 3 140001
12 4 140001
12 5 140001
12 6 140001
12 7 140001
time: 2015000000
9 1 104744 44828 5 0 2 4 2 0 4 3 4 0 1 3 1 0 3 1 4 0 1 3 1 0 3 1 3 0 2 3 0 1 3 1 0 3 1 4 0 1 3 1 0 3 1 3 0 2 3 1 0 3 1 3 0 1 4 1 0 3 1 0 3 1 3 0 1 4 1 0 3 1 4 0 1 3 3 0 3 3 3 0 3 4 3 0 4 3 3 0 3 3 0 4 3 3 0 3 3 3 0 4 3 3 0 4 3 3 0 3 4 3 0 3 3 3 0 3 3 4 0 3 3 0 4 3 3 0 4 3 3 0 3 3 3 0 3 4 3 0 3 3 3 0 4 3 4 0 3 3 3 0 3 3 0 4 3 3 0 3 3 3 0 4 93
9 2 150001
9 3 150001
10 1 150001
10 2 150001
10 3 149250 8 7 0 7 6 6 0 6 7 7 0 6 6 6 0 6 6 273 0 3 4 3 0 3 3 3 0 4 3 0 3 3 3 0 3 4 3 0 3 4 3 0 3 3 4 0 3 3 3 0 3 3 3 0 4 3 3 0 3 4 0 3 4 3 0 3 3 3 0 3 3 4 0 3 3 3 0 3 4 3 0 4 3 3 0 3 3 3 0 4 3 0 3 3 3 0 3 4 204
10 4 150001
11 1 150001
11 2 143311 6366 5 0 4 4 4 0 3 5 5 0 5 4 4 0 3 4 4 0 7 4 4 0 4 3 4 0 4 7 0 4 4 4 0 3 4 4 0 8 6 5 0 7 6 5 0 7 8 53 0 105
12 1 150001
12 2 143229 1 0 1 1 1 1 1 1 1 1 2 1 0 2 1 1 0 2 1 1 0 1 1 2 0 1 1 2 0 1 2 0 2 1 1 1 5 1 2 2 4 1 5 4 5 1 7 6 5 2 8 5 9 1 6 6 6 1 6 5 1 8 4 6 1 8 4 6 2 5 10 6 1 8 7 7 1 6 9 10 1 10 7 10 1 9 8 8 2 13 7 1 8 10 9 1 8 10 8 1 10 9 10 0 9 8 9 0 9 10 9 0 11 9 8 0 11 9 9 0 10 9 1 7 9 8 0 9 9 8 0 10 10 8 0 9 10 11 0 10 11 11 0 9 10 11 0 8 12 14 10 77 15 2 11 12 13 1 10 12 14 1 10 12 13 1 11 11 13 1 13 10 15 1 19 67 12 0 13 18 27 0 35 37 1 38 36 39 0 40 35 38 0 39 38 35 0 41 37 38 0 40 36 37 0 41 37 38 0 39 37 36 0 41 37 1 35 40 38 0 40 37 36 0 38 38 37 0 39 40 35 0 39 40 35 0 39 38 39 0 39 35 36 0 36 37 0 46 36 37 0 34 37 36 0 34 36 39 0 121 853 725 0 330 34 44 0 106 34 35 0 37 38 35 0 33 35 0 36 38 84 0 37 31 30 0 24 9 7 0 10 8 8 0 10 9 8 0 9 7 50 0 47 7 10 0 9 14 0 16 10 8 0 9 10 9 0 8 9 10 0 8 9 12 0 9 8 11 0 22 9 6 0 8 9 0 6 8 9 0 12 5 5 0 7 5 6 0 7 8 6 0 5 5 5 0 4 6 6 0 4 6 6 0 4 5 0 6 6 5 0 7 3 3 0 4 4 4 0 4 4 4 0 4 3 3 0 5 4 1 0 2 1 2 0 2 1 0 2 1 2 0 1 2 1 0 1 2 1 0 1 2 1 0 1 2 1 0 1 2 2 0 1 2 1 0 1 2 0 1 1 2 0 1 1 2 0 1 1 3 0 1 3
12 3 150001
12 4 150001
12 5 150001
12 6 150001
12 7 150001
time: 2016000000
9 1 110558 49014 5 0 2 4 2 0 4 3 4 0 1 3 1 0 3 1 4 0 1 3 1 0 3 1 3 0 2 3 0 1 3 1 0 3 1 4 0 1 3 1 0 3 1 3 0 2 3 1 0 3 1 3 0 1 4 1 0 3 1 0 3 1 3 0 1 4 1 0 3 1 4 0 1 3 3 0 3 3 3 0 3 4 3 0 4 3 3 0 3 3 0 4 3 3 0 3 3 3 0 4 3 3 0 4 3 3 0 3 4 3 0 3 3 3 0 3 3 4 0 3 3 0 4 3 3 0 4 3 3 0 3 3 3 0 3 4 3 0 3 3 3 0 4 3 4 0 3 3 3 0 3 3 0 4 3 3 0 3 3 3 0 4 93
9 2 160001
9 3 160001
10 1 160001
10 2 160001
10 3 159250 8 7 0 7 6 6 0 6 7 7 0 6 6 6 0 6 6 273 0 3 4 3 0 3 3 3 0 4 3 0 3 3 3 0 3 4 3 0 3 4 3 0 3 3 4 0 3 3 3 0 3 3 3 0 4 3 3 0 3 4 0 3 4 3 0 3 3 3 0 3 3 4 0 3 3 3 0 3 4 3 0 4 3 3 0 3 3 3 0 4 3 0 3 3 3 0 3 4 204
10 4 160001
11 1 160001
11 2 152613 7064 5 0 4 4 4 0 3 5 5 0 5 4 4 0 3 4 4 0 7 4 4 0 4 3 4 0 4 7 0 4 4 4 0 3 4 4 0 8 6 5 0 7 6 5 0 7 8 53 0 105
12 1 160001
12 2 153229 1 0 1 1 1 1 1 1 1 1 2 1 0 2 1 1 0 2 1 1 0 1 1 2 0 1 1 2 0 1 2 0 2 1 1 1 5 1 2 2 4 1 5 4 5 1 7 6 5 2 8 5 9 1 6 6 6 1 6 5 1 8 4 6 1 8 4 6 2 5 10 6 1 8 7 7 1 6 9 10 1 10 7 10 1 9 8 8 2 13 7 1 8 10 9 1 8 10 8 1 10 9 10 0 9 8 9 0 9 10 9 0 11 9 8 0 11 9 9 0 10 9 1 7 9 8 0 9 9 8 0 10 10 8 0 9 10 11 0 10 11 11 0 9 10 11 0 8 12 14 10 77 15 2 11 12 13 1 10 12 14 1 10 12 13 1 11 11 13 1 13 10 15 1 19 67 12 0 13 18 27 0 35 37 1 38 36 39 0 40 35 38 0 39 38 35 0 41 37 38 0 40 36 37 0 41 37 38 0 39 37 36 0 41 37 1 35 40 38 0 40 37 36 0 38 38 37 0 39 40 35 0 39 40 35 0 39 38 39 0 39 35 36 0 36 37 0 46 36 37 0 34 37 36 0 34 36 39 0 121 853 725 0 330 34 44 0 106 34 35 0 37 38 35 0 33 35 0 36 38 84 0 37 31 30 0 24 9 7 0 10 8 8 0 10 9 8 0 9 7 50 0 47 7 10 0 9 14 0 16 10 8 0 9 10 9 0 8 9 10 0 8 9 12 0 9 8 11 0 22 9 6 0 8 9 0 6 8 9 0 12 5 5 0 7 5 6 0 7 8 6 0 5 5 5 0 4 6 6 0 4 6 6 0 4 5 0 6 6 5 0 7 3 3 0 4 4 4 0 4 4 4 0 4 3 3 0 5 4 1 0 2 1 2 0 2 1 0 2 1 2 0 1 2 1 0 1 2 1 0 1 2 1 0 1 2 1 0 1 2 2 0 1 2 1 0 1 2 0 1 1 2 0 1 1 2 0 1 1 3 0 1 3
12 3 160001
12 4 160001
12 5 160001
12 6 160001
12 7 160001
time: 2017000000
9 1 116372 53200 5 0 2 4 2 0 4 3 4 0 1 3 1 0 3 1 4 0 1 3 1 0 3 1 3 0 2 3 0 1 3 1 0 3 1 4 0 1 3 1 0 3 1 3 0 2 3 1 0 3 1 3 0 1 4 1 0 3 1 0 3 1 3 0 1 4 1 0 3 1 4 0 1 3 3 0 3 3 3 0 3 4 3 0 4 3 3 0 3 3 0 4 3 3 0 3 3 3 0 4 3 3 0 4 3 3 0 3 4 3 0 3 3 3 0 3 3 4 0 3 3 0 4 3 3 0 4 3 3 0 3 3 3 0 3 4 3 0 3 3 3 0 4 3 4 0 3 3 3 0 3 3 0 4 3 3 0 3 3 3 0 4 93
9 2 170001
9 3 170001
10 1 170001
10 2 170001
10 3 169250 8 7 0 7 6 6 0 6 7 7 0 6 6 6 0 6 6 273 0 3 4 3 0 3 3 3 0 4 3 0 3 3 3 0 3 4 3 0 3 4 3 0 3 3 4 0 3 3 3 0 3 3 3 0 4 3 3 0 3 4 0 3 4 3 0 3 3 3 0 3 3 4 0 3 3 3 0 3 4 3 0 4 3 3 0 3 3 3 0 4 3 0 3 3 3 0 3 4 204
10 4 170001
11 1 170001
11 2 161916 7761 5 0 4 4 4 0 3 5 5 0 5 4 4 0 3 4 4 0 7 4 4 0 4 3 4 0 4 7 0 4 4 4 0 3 4 4 0 8 6 5 0 7 6 5 0 7 8 53 0 105
12 1 170001
12 2 163229 1 0 1 1 1 1 1 1 1 1 2 1 0 2 1 1 0 2 1 1 0 1 1 2 0 1 1 2 0 1 2 0 2 1 1 1 5 1 2 2 4 1 5 4 5 1 7 6 5 2 8 5 9 1 6 6 6 1 6 5 1 8 4 6 1 8 4 6 2 5 10 6 1 8 7 7 1 6 9 10 1 10 7 10 1 9 8 8 2 13 7 1 8 10 9 1 8 10 8 1 10 9 10 0 9 8 9 0 9 10 9 0 11 9 8 0 11 9 9 0 10 9 1 7 9 8 0 9 9 8 0 10 10 8 0 9 10 11 0 10 11 11 0 9 10 11 0 8 12 14 10 77 15 2 11 12 13 1 10 12 14 1 10 12 13 1 11 11 13 1 13 10 15 1 19 67 12 0 13 18 27 0 35 37 1 38 36 39 0 40 35 38 0 39 38 35 0 41 37 38 0 40 36 37 0 41 37 38 0 39 37 36 0 41 37 1 35 40 38 0 40 37 36 0 38 38 37 0 39 40 35 0 39 40 35 0 39 38 39 0 39 35 36 0 36 37 0 46 36 37 0 34 37 36 0 34 36 39 0 121 853 725 0 330 34 44 0 106 34 35 0 37 38 35 0 33 35 0 36 38 84 0 37 31 30 0 24 9 7 0 10 8 8 0 10 9 8 0 9 7 50 0 47 7 10 0 9 14 0 16 10 8 0 9 10 9 0 8 9 10 0 8 9 12 0 9 8 11 0 22 9 6 0 8 9 0 6 8 9 0 12 5 5 0 7 5 6 0 7 8 6 0 5 5 5 0 4 6 6 0 4 6 6 0 4 5 0 6 6 5 0 7 3 3 0 4 4 4 0 4 4 4 0 4 3 3 0 5 4 1 0 2 1 2 0 2 1 0 2 1 2 0 1 2 1 0 1 2 1 0 1 2 1 0 1 2 1 0 1 2 2 0 1 2 1 0 1 2 0 1 1 2 0 1 1 2 0 1 1 3 0 1 3
12 3 170001
12 4 170001
12 5 170001
12 6 170001
12 7 170001
time: 2018000000
9 1 122186 57386 5 0 2 4 2 0 4 3 4 0 1 3 1 0 3 1 4 0 1 3 1 0 3 1 3 0 2 3 0 1 3 1 0 3 1 4 0 1 3 1 0 3 1 3 0 2 3 1 0 3 1 3 0 1 4 1 0 3 1 0 3 1 3 0 1 4 1 0 3 1 4 0 1 3 3 0 3 3 3 0 3 4 3 0 4 3 3 0 3 3 0 4 3 3 0 3 3 3 0 4 3 3 0 4 3 3 0 3 4 3 0 3 3 3 0 3 3 4 0 3 3 0 4 3 3 0 4 3 3 0 3 3 3 0 3 4 3 0 3 3 3 0 4 3 4 0 3 3 3 0 3 3 0 4 3 3 0 3 3 3 0 4 93
9 2 180001
9 3 180001
10 1 180001
10 2 180001
10 3 179250 8 7 0 7 6 6 0 6 7 7 0 6 6 6 0 6 6 273 0 3 4 3 0 3 3 3 0 4 3 0 3 3 3 0 3 4 3 0 3 4 3 0 3 3 4 0 3 3 3 0 3 3 3 0 4 3 3 0 3 4 0 3 4 3 0 3 3 3 0 3 3 4 0 3 3 3 0 3 4 3 0 4 3 3 0 3 3 3 0 4 3 0 3 3 3 0 3 4 204
10 4 180001
11 1 180001
11 2 171218 8459 5 0 4 4 4 0 3 5 5 0 5 4 4 0 3 4 4 0 7 4 4 0 4 3 4 0 4 7 0 4 4 4 0 3 4 4 0 8 6 5 0 7 6 5 0 7 8 53 0 105
12 1 180001
12 2 173229 1 0 1 1 1 1 1 1 1 1 2 1 0 2 1 1 0 2 1 1 0 1 1 2 0 1 1 2 0 1 2 0 2 1 1 1 5 1 2 2 4 1 5 4 5 1 7 6 5 2 8 5 9 1 6 6 6 1 6 5 1 8 4 6 1 8 4 6 2 5 10 6 1 8 7 7 1 6 9 10 1 10 7 10 1 9 8 8 2 13 7 1 8 10 9 1 8 10 8 1 10 9 10 0 9 8 9 0 9 10 9 0 11 9 8 0 11 9 9 0 10 9 1 7 9 8 0 9 9 8 0 10 10 8 0 9 10 11 0 10 11 11 0 9 10 11 0 8 12 14 10 77 15 2 11 12 13 1 10 12 14 1 10 12 13 1 11 11 13 1 13 10 15 1 19 67 12 0 13 18 27 0 35 37 1 38 36 39 0 40 35 38 0 39 38 35 0 41 37 38 0 40 36 37 0 41 37 38 0 39 37 36 0 41 37 1 35 40 38 0 40 37 36 0 38 38 37 0 39 40 35 0 39 40 35 0 39 38 39 0 39 35 36 0 36 37 0 46 36 37 0 34 37 36 0 34 36 39 0 121 853 725 0 330 34 44 0 106 34 35 0 37 38 35 0 33 35 0 36 38 84 0 37 31 30 0 24 9 7 0 10 8 8 0 10 9 8 0 9 7 50 0 47 7 10 0 9 14 0 16 10 8 0 9 10 9 0 8 9 10 0 8 9 12 0 9 8 11 0 22 9 6 0 8 9 0 6 8 9 0 12 5 5 0 7 5 6 0 7 8 6 0 5 5 5 0 4 6 6 0 4 6 6 0 4 5 0 6 6 5 0 7 3 3 0 4 4 4 0 4 4 4 0 4 3 3 0 5 4 1 0 2 1 2 0 2 1 0 2 1 2 0 1 2 1 0 1 2 1 0 1 2 1 0 1 2 1 0 1 2 2 0 1 2 1 0 1 2 0 1 1 2 0 1 1 2 0 1 1 3 0 1 3
12 3 180001
12 4 180001
12 5 180001
12 6 180001
12 7 180001
time: 2019000000
9 1 128001 61571 5 0 2 4 2 0 4 3 4 0 1 3 1 0 3 1 4 0 1 3 1 0 3 1 3 0 2 3 0 1 3 1 0 3 1 4 0 1 3 1 0 3 1 3 0 2 3 1 0 3 1 3 0 1 4 1 0 3 1 0 3 1 3 0 1 4 1 0 3 1 4 0 1 3 3 0 3 3 3 0 3 4 3 0 4 3 3 0 3 3 0 4 3 3 0 3 3 3 0 4 3 3 0 4 3 3 0 3 4 3 0 3 3 3 0 3 3 4 0 3 3 0 4 3 3 0 4 3 3 0 3 3 3 0 3 4 3 0 3 3 3 0 4 3 4 0 3 3 3 0 3 3 0 4 3 3 0 3 3 3 0 4 93
9 2 190001
9 3 190001
10 1 190001
10 2 190001
10 3 189250 8 7 0 7 6 6 0 6 7 7 0 6 6 6 0 6 6 273 0 3 4 3 0 3 3 3 0 4 3 0 3 3 3 0 3 4 3 0 3 4 3 0 3 3 4 0 3 3 3 0 3 3 3 0 4 3 3 0 3 4 0 3 4 3 0 3 3 3 0 3 3 4 0 3 3 3 0 3 4 3 0 4 3 3 0 3 3 3 0 4 3 0 3 3 3 0 3 4 204
10 4 190001
11 1 190001
11 2 180520 9157 5 0 4 4 4 0 3 5 5 0 5 4 4 0 3 4 4 0 7 4 4 0 4 3 4 0 4 7 0 4 4 4 0 3 4 4 0 8 6 5 0 7 6 5 0 7 8 53 0 105
12 1 190001
12 2 183229 1 0 1 1 1 1 1 1 1 1 2 1 0 2 1 1 0 2 1 1 0 1 1 2 0 1 1 2 0 1 2 0 2 1 1 1 5 1 2 2 4 1 5 4 5 1 7 6 5 2 8 5 9 1 6 6 6 1 6 5 1 8 4 6 1 8 4 6 2 5 10 6 1 8 7 7 1 6 9 10 1 10 7 10 1 9 8 8 2 13 7 1 8 10 9 1 8 10 8 1 10 9 10 0 9 8 9 0 9 10 9 0 11 9 8 0 11 9 9 0 10 9 1 7 9 8 0 9 9 8 0 10 10 8 0 9 10 11 0 10 11 11 0 9 10 11 0 8 12 14 10 77 15 2 11 12 13 1 10 12 14 1 10 12 13 1 11 11 13 1 13 10 15 1 19 67 12 0 13 18 27 0 35 37 1 38 36 39 0 40 35 38 0 39 38 35 0 41 37 38 0 40 36 37 0 41 37 38 0 39 37 36 0 41 37 1 35 40 38 0 40 37 36 0 38 38 37 0 39 40 35 0 39 40 35 0 39 38 39 0 39 35 36 0 36 37 0 46 36 37 0 34 37 36 0 34 36 39 0 121 853 725 0 330 34 44 0 106 34 35 0 37 38 35 0 33 35 0 36 38 84 0 37 31 30 0 24 9 7 0 10 8 8 0 10 9 8 0 9 7 50 0 47 7 10 0 9 14 0 16 10 8 0 9 10 9 0 8 9 10 0 8 9 12 0 9 8 11 0 22 9 6 0 8 9 0 6 8 9 0 12 5 5 0 7 5 6 0 7 8 6 0 5 5 5 0 4 6 6 0 4 6 6 0 4 5 0 6 6 5 0 7 3 3 0 4 4 4 0 4 4 4 0 4 3 3 0 5 4 1 0 2 1 2 0 2 1 0 2 1 2 0 1 2 1 0 1 2 1 0 1 2 1 0 1 2 1 0 1 2 2 0 1 2 1 0 1 2 0 1 1 2 0 1 1 2 0 1 1 3 0 1 3
12 3 190001
12 4 190001
12 5 190001
12 6 190001
12 7 190001
time: 2020000000
9 1 133814 65758 5 0 2 4 2 0 4 3 4 0 1 3 1 0 3 1 4 0 1 3 1 0 3 1 3 0 2 3 0 1 3 1 0 3 1 4 0 1 3 1 0 3 1 3 0 2 3 1 0 3 1 3 0 1 4 1 0 3 1 0 3 1 3 0 1 4 1 0 3 1 4 0 1 3 3 0 3 3 3 0 3 4 3 0 4 3 3 0 3 3 0 4 3 3 0 3 3 3 0 4 3 3 0 4 3 3 0 3 4 3 0 3 3 3 0 3 3 4 0 3 3 0 4 3 3 0 4 3 3 0 3 3 3 0 3 4 3 0 3 3 3 0 4 3 4 0 3 3 3 0 3 3 0 4 3 3 0 3 3 3 0 4 93
9 2 200001
9 3 200001
10 1 200001
10 2 200001
10 3 199250 8 7 0 7 6 6 0 6 7 7 0 6 6 6 0 6 6 273 0 3 4 3 0 3 3 3 0 4 3 0 3 3 3 0 3 4 3 0 3 4 3 0 3 3 4 0 3 3 3 0 3 3 3 0 4 3 3 0 3 4 0 3 4 3 0 3 3 3 0 3 3 4 0 3 3 3 0 3 4 3 0 4 3 3 0 3 3 3 0 4 3 0 3 3 3 0 3 4 204
10 4 200001
11 1 200001
11 2 189823 9854 5 0 4 4 4 0 3 5 5 0 5 4 4 0 3 4 4 0 7 4 4 0 4 3 4 0 4 7 0 4 4 4 0 3 4 4 0 8 6 5 0 7 6 5 0 7 8 53 0 105
12 1 200001
12 2 193229 1 0 1 1 1 1 1 1 1 1 2 1 0 2 1 1 0 2 1 1 0 1 1 2 0 1 1 2 0 1 2 0 2 1 1 1 5 1 2 2 4 1 5 4 5 1 7 6 5 2 8 5 9 1 6 6 6 1 6 5 1 8 4 6 1 8 4 6 2 5 10 6 1 8 7 7 1 6 9 10 1 10 7 10 1 9 8 8 2 13 7 1 8 10 9 1 8 10 8 1 10 9 10 0 9 8 9 0 9 10 9 0 11 9 8 0 11 9 9 0 10 9 1 7 9 8 0 9 9 8 0 10 10 8 0 9 10 11 0 10 11 11 0 9 10 11 0 8 12 14 10 77 15 2 11 12 13 1 10 12 14 1 10 12 13 1 11 11 13 1 13 10 15 1 19 67 12 0 13 18 27 0 35 37 1 38 36 39 0 40 35 38 0 39 38 35 0 41 37 38 0 40 36 37 0 41 37 38 0 39 37 36 0 41 37 1 35 40 38 0 40 37 36 0 38 38 37 0 39 40 35 0 39 40 35 0 39 38 39 0 39 35 36 0 36 37 0 46 36 37 0 34 37 36 0 34 36 39 0 121 853 725 0 330 34 44 0 106 34 35 0 37 38 35 0 33 35 0 36 38 84 0 37 31 30 0 24 9 7 0 10 8 8 0 10 9 8 0 9 7 50 0 47 7 10 0 9 14 0 16 10 8 0 9 10 9 0 8 9 10 0 8 9 12 0 9 8 11 0 22 9 6 0 8 9 0 6 8 9 0 12 5 5 0 7 5 6 0 7 8 6 0 5 5 5 0 4 6 6 0 4 6 6 0 4 5 0 6 6 5 0 7 3 3 0 4 4 4 0 4 4 4 0 4 3 3 0 5 4 1 0 2 1 2 0 2 1 0 2 1 2 0 1 2 1 0 1 2 1 0 1 2 1 0 1 2 1 0 1 2 2 0 1 2 1 0 1 2 0 1 1 2 0 1 1 2 0 1 1 3 0 1 3
12 3 200001
12 4 200001
12 5 200001
12 6 200001
12 7 200001
time: 2021000000
9 1 139628 69944 5 0 2 4 2 0 4 3 4 0 1 3 1 0 3 1 4 0 1 3 1 0 3 1 3 0 2 3 0 1 3 1 0 3 1 4 0 1 3 1 0 3 1 3 0 2 3 1 0 3 1 3 0 1 4 1 0 3 1 0 3 1 3 0 1 4 1 0 3 1 4 0 1 3 3 0 3 3 3 0 3 4 3 0 4 3 3 0 3 3 0 4 3 3 0 3 3 3 0 4 3 3 0 4 3 3 0 3 4 3 0 3 3 3 0 3 3 4 0 3 3 0 4 3 3 0 4 3 3 0 3 3 3 0 3 4 3 0 3 3 3 0 4 3 4 0 3 3 3 0 3 3 0 4 3 3 0 3 3 3 0 4 93
9 2 210001
9 3 210001
10 1 210001
10 2 210001
10 3 209250 8 7 0 7 6 6 0 6 7 7 0 6 6 6 0 6 6 273 0 3 4 3 0 3 3 3 0 4 3 0 3 3 3 0 3 4 3 0 3 4 3 0 3 3 4 0 3 3 3 0 3 3 3 0 4 3 3 0 3 4 0 3 4 3 0 3 3 3 0 3 3 4 0 3 3 3 0 3 4 3 0 4 3 3 0 3 3 3 0 4 3 0 3 3 3 0 3 4 204
10 4 210001
11 1 210001
11 2 199125 10552 5 0 4 4 4 0 3 5 5 0 5 4 4 0 3 4 4 0 7 4 4 0 4 3 4 0 4 7 0 4 4 4 0 3 4 4 0 8 6 5 0 7 6 5 0 7 8 53 0 105
12 1 210001
12 2 203229 1 0 1 1 1 1 1 1 1 1 2 1 0 2 1 1 0 2 1 1 0 1 1 2 0 1 1 2 0 1 2 0 2 1 1 1 5 1 2 2 4 1 5 4 5 1 7 6 5 2 8 5 9 1 6 6 6 1 6 5 1 8 4 6 1 8 4 6 2 5 10 6 1 8 7 7 1 6 9 10 1 10 7 10 1 9 8 8 2 13 7 1 8 10 9 1 8 10 8 1 10 9 10 0 9 8 9 0 9 10 9 0 11 9 8 0 11 9 9 0 10 9 1 7 9 8 0 9 9 8 0 10 10 8 0 9 10 11 0 10 11 11 0 9 10 11 0 8 12 14 10 77 15 2 11 12 13 1 10 12 14 1 10 12 13 1 11 11 13 1 13 10 15 1 19 67 12 0 13 18 27 0 35 37 1 38 36 39 0 40 35 38 0 39 38 35 0 41 37 38 0 40 36 37 0 41 37 38 0 39 37 36 0 41 37 1 35 40 38 0 40 37 36 0 38 38 37 0 39 40 35 0 39 40 35 0 39 38 39 0 39 35 36 0 36 37 0 46 36 37 0 34 37 36 0 34 36 39 0 121 853 725 0 330 34 44 0 106 34 35 0 37 38 35 0 33 35 0 36 38 84 0 37 31 30 0 24 9 7 0 10 8 8 0 10 9 8 0 9 7 50 0 47 7 10 0 9 14 0 16 10 8 0 9 10 9 0 8 9 10 0 8 9 12 0 9 8 11 0 22 9 6 0 8 9 0 6 8 9 0 12 5 5 0 7 5 6 0 7 8 6 0 5 5 5 0 4 6 6 0 4 6 6 0 4 5 0 6 6 5 0 7 3 3 0 4 4 4 0 4 4 4 0 4 3 3 0 5 4 1 0 2 1 2 0 2 1 0 2 1 2 0 1 2 1 0 1 2 1 0 1 2 1 0 1 2 1 0 1 2 2 0 1 2 1 0 1 2 0 1 1 2 0 1 1 2 0 1 1 3 0 1 3
12 3 210001
12 4 210001
12 5 210001
12 6 210001
12 7 210001
time: 2022000000
9 1 145442 74130 5 0 2 4 2 0 4 3 4 0 1 3 1 0 3 1 4 0 1 3 1 0 3 1 3 0 2 3 0 1 3 1 0 3 1 4 0 1 3 1 0 3 1 3 0 2 3 1 0 3 1 3 0 1 4 1 0 3 1 0 3 1 3 0 1 4 1 0 3 1 4 0 1 3 3 0 3 3 3 0 3 4 3 0 4 3 3 0 3 3 0 4 3 3 0 3 3 3 0 4 3 3 0 4 3 3 0 3 4 3 0 3 3 3 0 3 3 4 0 3 3 0 4 3 3 0 4 3 3 0 3 3 3 0 3 4 3 0 3 3 3 0 4 3 4 0 3 3 3 0 3 3 0 4 3 3 0 3 3 3 0 4 93
9 2 220001
9 3 220001
10 1 220001
10 2 220001
10 3 219250 8 7 0 7 6 6 0 6 7 7 0 6 6 6 0 6 6 273 0 3 4 3 0 3 3 3 0 4 3 0 3 3 3 0 3 4 3 0 3 4 3 0 3 3 4 0 3 3 3 0 3 3 3 0 4 3 3 0 3 4 0 3 4 3 0 3 3 3 0 3 3 4 0 3 3 3 0 3 4 3 0 4 3 3 0 3 3 3 0 4 3 0 3 3 3 0 3 4 204
10 4 220001
11 1 220001
11 2 208427 11250 5 0 4 4 4 0 3 5 5 0 5 4 4 0 3 4 4 0 7 4 4 0 4 3 4 0 4 7 0 4 4 4 0 3 4 4 0 8 6 5 0 7 6 5 0 7 8 53 0 105
12 1 220001
12 2 213229 1 0 1 1 1 1 1 1 1 1 2 1 0 2 1 1 0 2 1 1 0 1 1 2 0 1 1 2 0 1 2 0 2 1 1 1 5 1 2 2 4 1 5 4 5 1 7 6 5 2 8 5 9 1 6 6 6 1 6 5 1 8 4 6 1 8 4 6 2 5 10 6 1 8 7 7 1 6 9 10 1 10 7 10 1 9 8 8 2 13 7 1 8 10 9 1 8 10 8 1 10 9 10 0 9 8 9 0 9 10 9 0 11 9 8 0 11 9 9 0 10 9 1 7 9 8 0 9 9 8 0 10 10 8 0 9 10 11 0 10 11 11 0 9 10 11 0 8 12 14 10 77 15 2 11 12 13 1 10 12 14 1 10 12 13 1 11 11 13 1 13 10 15 1 19 67 12 0 13 18 27 0 35 37 1 38 36 39 0 40 35 38 0 39 38 35 0 41 37 38 0 40 36 37 0 41 37 38 0 39 37 36 0 41 37 1 35 40 38 0 40 37 36 0 38 38 37 0 39 40 35 0 39 40 35 0 39 38 39 0 39 35 36 0 36 37 0 46 36 37 0 34 37 36 0 34 36 39 0 121 853 725 0 330 34 44 0 106 34 35 0 37 38 35 0 33 35 0 36 38 84 0 37 31 30 0 24 9 7 0 10 8 8 0 10 9 8 0 9 7 50 0 47 7 10 0 9 14 0 16 10 8 0 9 10 9 0 8 9 10 0 8 9 12 0 9 8 11 0 22 9 6 0 8 9 0 6 8 9 0 12 5 5 0 7 5 6 0 7 8 6 0 5 5 5 0 4 6 6 0 4 6 6 0 4 5 0 6 6 5 0 7 3 3 0 4 4 4 0 4 4 4 0 4 3 3 0 5 4 1 0 2 1 2 0 2 1 0 2 1 2 0 1 2 1 0 1 2 1 0 1 2 1 0 1 2 1 0 1 2 2 0 1 2 1 0 1 2 0 1 1 2 0 1 1 2 0 1 1 3 0 1 3
12 3 220001
12 4 220001
12 5 220001
12 6 220001
12 7 220001
time: 2023000000
9 1 151256 78316 5 0 2 4 2 0 4 3 4 0 1 3 1 0 3 1 4 0 1 3 1 0 3 1 3 0 2 3 0 1 3 1 0 3 1 4 0 1 3 1 0 3 1 3 0 2 3 1 0 3 1 3 0 1 4 1 0 3 1 0 3 1 3 0 1 4 1 0 3 1 4 0 1 3 3 0 3 3 3 0 3 4 3 0 4 3 3 0 3 3 0 4 3 3 0 3 3 3 0 4 3 3 0 4 3 3 0 3 4 3 0 3 3 3 0 3 3 4 0 3 3 0 4 3 3 0 4 3 3 0 3 3 3 0 3 4 3 0 3 3 3 0 4 3 4 0 3 3 3 0 3 3 0 4 3 3 0 3 3 3 0 4 93
9 2 230001
9 3 230001
10 1 230001
10 2 230001
10 3 229250 8 7 0 7 6 6 0 6 7 7 0 6 6 6 0 6 6 273 0 3 4 3 0 3 3 3 0 4 3 0 3 3 3 0 3 4 3 0 3 4 3 0 3 3 4 0 3 3 3 0 3 3 3 0 4 3 3 0 3 4 0 3 4 3 0 3 3 3 0 3 3 4 0 3 3 3 0 3 4 3 0 4 3 3 0 3 3 3 0 4 3 0 3 3 3 0 3 4 204
10 4 230001
11 1 230001
11 2 217730 11947 5 0 4 4 4 0 3 5 5 0 5 4 4 0 3 4 4 0 7 4 4 0 4 3 4 0 4 7 0 4 4 4 0 3 4 4 0 8 6 5 0 7 6 5 0 7 8 53 0 105
12 1 230001
12 2 223229 1 0 1 1 1 1 1 1 1 1 2 1 0 2 1 1 0 2 1 1 0 1 1 2 0 1 1 2 0 1 2 0 2 1 1 1 5 1 2 2 4 1 5 4 5 1 7 6 5 2 8 5 9 1 6 6 6 1 6 5 1 8 4 6 1 8 4 6 2 5 10 6 1 8 7 7 1 6 9 10 1 10 7 10 1 9 8 8 2 13 7 1 8 10 9 1 8 10 8 1 10 9 10 0 9 8 9 0 9 10 9 0 11 9 8 0 11 9 9 0 10 9 1 7 9 8 0 9 9 8 0 10 10 8 0 9 10 11 0 10 11 11 0 9 10 11 0 8 12 14 10 77 15 2 11 12 13 1 10 12 14 1 10 12 13 1 11 11 13 1 13 10 15 1 19 67 12 0 13 18 27 0 35 37 1 38 36 39 0 40 35 38 0 39 38 35 0 41 37 38 0 40 36 37 0 41 37 38 0 39 37 36 0 41 37 1 35 40 38 0 40 37 36 0 38 38 37 0 39 40 35 0 39 40 35 0 39 38 39 0 39 35 36 0 36 37 0 46 36 37 0 34 37 36 0 34 36 39 0 121 853 725 0 330 34 44 0 106 34 35 0 37 38 35 0 33 35 0 36 38 84 0 37 31 30 0 24 9 7 0 10 8 8 0 10 9 8 0 9 7 50 0 47 7 10 0 9 14 0 16 10 8 0 9 10 9 0 8 9 10 0 8 9 12 0 9 8 11 0 22 9 6 0 8 9 0 6 8 9 0 12 5 5 0 7 5 6 0 7 8 6 0 5 5 5 0 4 6 6 0 4 6 6 0 4 5 0 6 6 5 0 7 3 3 0 4 4 4 0 4 4 4 0 4 3 3 0 5 4 1 0 2 1 2 0 2 1 0 2 1 2 0 1 2 1 0 1 2 1 0 1 2 1 0 1 2 1 0 1 2 2 0 1 2 1 0 1 2 0 1 1 2 0 1 1 2 0 1 1 3 0 1 3
12 3 230001
12 4 230001
12 5 230001
12 6 230001
12 7 230001
time: 2024000000
9 1 157070 82502 5 0 2 4 2 0 4 3 4 0 1 3 1 0 3 1 4 0 1 3 1 0 3 1 3 0 2 3 0 1 3 1 0 3 1 4 0 1 3 1 0 3 1 3 0 2 3 1 0 3 1 3 0 1 4 1 0 3 1 0 3 1 3 0 1 4 1 0 3 1 4 0 1 3 3 0 3 3 3 0 3 4 3 0 4 3 3 0 3 3 0 4 3 3 0 3 3 3 0 4 3 3 0 4 3 3 0 3 4 3 0 3 3 3 0 3 3 4 0 3 3 0 4 3 3 0 4 3 3 0 3 3 3 0 3 4 3 0 3 3 3 0 4 3 4 0 3 3 3 0 3 3 0 4 3 3 0 3 3 3 0 4 93
9 2 240001
9 3 240001
10 1 240001
10 2 240001
10 3 239250 8 7 0 7 6 6 0 6 7 7 0 6 6 6 0 6 6 273 0 3 4 3 0 3 3 3 0 4 3 0 3 3 3 0 3 4 3 0 3 4 3 0 3 3 4 0 3 3 3 0 3 3 3 0 4 3 3 0 3 4 0 3 4 3 0 3 3 3 0 3 3 4 0 3 3 3 0 3 4 3 0 4 3 3 0 3 3 3 0 4 3 0 3 3 3 0 3 4 204
10 4 240001
11 1 240001
11 2 227032 12645 5 0 4 4 4 0 3 5 5 0 5 4 4 0 3 4 4 0 7 4 4 0 4 3 4 0 4 7 0 4 4 4 0 3 4 4 0 8 6 5 0 7 6 5 0 7 8 53 0 105
12 1 240001
12 2 233229 1 0 1 1 1 1 1 1 1 1 2 1 0 2 1 1 0 2 1 1 0 1 1 2 0 1 1 2 0 1 2 0 2 1 1 1 5 1 2 2 4 1 5 4 5 1 7 6 5 2 8 5 9 1 6 6 6 1 6 5 1 8 4 6 1 8 4 6 2 5 10 6 1 8 7 7 1 6 9 10 1 10 7 10 1 9 8 8 2 13 7 1 8 10 9 1 8 10 8 1 10 9 10 0 9 8 9 0 9 10 9 0 11 9 8 0 11 9 9 0 10 9 1 7 9 8 0 9 9 8 0 10 10 8 0 9 10 11 0 10 11 11 0 9 10 11 0 8 12 14 10 77 15 2 11 12 13 1 10 12 14 1 10 12 13 1 11 11 13 1 13 10 15 1 19 67 12 0 13 18 27 0 35 37 1 38 36 39 0 40 35 38 0 39 38 35 0 41 37 38 0 40 36 37 0 41 37 38 0 39 37 36 0 41 37 1 35 40 38 0 40 37 36 0 38 38 37 0 39 40 35 0 39 40 35 0 39 38 39 0 39 35 36 0 36 37 0 46 36 37 0 34 37 36 0 34 36 39 0 121 853 725 0 330 34 44 0 106 34 35 0 37 38 35 0 33 35 0 36 38 84 0 37 31 30 0 24 9 7 0 10 8 8 0 10 9 8 0 9 7 50 0 47 7 10 0 9 14 0 16 10 8 0 9 10 9 0 8 9 10 0 8 9 12 0 9 8 11 0 22 9 6 0 8 9 0 6 8 9 0 12 5 5 0 7 5 6 0 7 8 6 0 5 5 5 0 4 6 6 0 4 6 6 0 4 5 0 6 6 5 0 7 3 3 0 4 4 4 0 4 4 4 0 4 3 3 0 5 4 1 0 2 1 2 0 2 1 0 2 1 2 0 1 2 1 0 1 2 1 0 1 2 1 0 1 2 1 0 1 2 2 0 1 2 1 0 1 2 0 1 1 2 0 1 1 2 0 1 1 3 0 1 3
12 3 240001
12 4 240001
12 5 240001
12 6 240001
12 7 240001
time: 2025000000
9 1 162884 86688 5 0 2 4 2 0 4 3 4 0 1 3 1 0 3 1 4 0 1 3 1 0 3 1 3 0 2 3 0 1 3 1 0 3 1 4 0 1 3 1 0 3 1 3 0 2 3 1 0 3 1 3 0 1 4 1 0 3 1 0 3 1 3 0 1 4 1 0 3 1 4 0 1 3 3 0 3 3 3 0 3 4 3 0 4 3 3 0 3 3 0 4 3 3 0 3 3 3 0 4 3 3 0 4 3 3 0 3 4 3 0 3 3 3 0 3 3 4 0 3 3 0 4 3 3 0 4 3 3 0 3 3 3 0 3 4 3 0 3 3 3 0 4 3 4 0 3 3 3 0 3 3 0 4 3 3 0 3 3 3 0 4 93
9 2 250001
9 3 250001
10 1 250001
10 2 250001
10 3 249250 8 7 0 7 6 6 0 6 7 7 0 6 6 6 0 6 6 273 0 3 4 3 0 3 3 3 0 4 3 0 3 3 3 0 3 4 3 0 3 4 3 0 3 3 4 0 3 3 3 0 3 3 3 0 4 3 3 0 3 4 0 3 4 3 0 3 3 3 0 3 3 4 0 3 3 3 0 3 4 3 0 4 3 3 0 3 3 3 0 4 3 0 3 3 3 0 3 4 204
10 4 250001
11 1 250001
11 2 236334 13343 5 0 4 4 4 0 3 5 5 0 5 4 4 0 3 4 4 0 7 4 4 0 4 3 4 0 4 7 0 4 4 4 0 3 4 4 0 8 6 5 0 7 6 5 0 7 8 53 0 105
12 1 250001
12 2 243229 1 0 1 1 1 1 1 1 1 1 2 1 0 2 1 1 0 2 1 1 0 1 1 2 0 1 1 2 0 1 2 0 2 1 1 1 5 1 2 2 4 1 5 4 5 1 7 6 5 2 8 5 9 1 6 6 6 1 6 5 1 8 4 6 1 8 4 6 2 5 10 6 1 8 7 7 1 6 9 10 1 10 7 10 1 9 8 8 2 13 7 1 8 10 9 1 8 10 8 1 10 9 10 0 9 8 9 0 9 10 9 0 11 9 8 0 11 9 9 0 10 9 1 7 9 8 0 9 9 8 0 10 10 8 0 9 10 11 0 10 11 11 0 9 10 11 0 8 12 14 10 77 15 2 11 12 13 1 10 12 14 1 10 12 13 1 11 11 13 1 13 10 15 1 19 67 12 0 13 18 27 0 35 37 1 38 36 39 0 40 35 38 0 39 38 35 0 41 37 38 0 40 36 37 0 41 37 38 0 39 37 36 0 41 37 1 35 40 38 0 40 37 36 0 38 38 37 0 39 40 35 0 39 40 35 0 39 38 39 0 39 35 36 0 36 37 0 46 36 37 0 34 37 36 0 34 36 39 0 121 853 725 0 330 34 44 0 106 34 35 0 37 38 35 0 33 35 0 36 38 84 0 37 31 30 0 24 9 7 0 10 8 8 0 10 9 8 0 9 7 50 0 47 7 10 0 9 14 0 16 10 8 0 9 10 9 0 8 9 10 0 8 9 12 0 9 8 11 0 22 9 6 0 8 9 0 6 8 9 0 12 5 5 0 7 5 6 0 7 8 6 0 5 5 5 0 4 6 6 0 4 6 6 0 4 5 0 6 6 5 0 7 3 3 0 4 4 4 0 4 4 4 0 4 3 3 0 5 4 1 0 2 1 2 0 2 1 0 2 1 2 0 1 2 1 0 1 2 1 0 1 2 1 0 1 2 1 0 1 2 2 0 1 2 1 0 1 2 0 1 1 2 0 1 1 2 0 1 1 3 0 1 3
12 3 250001
12 4 250001
12 5 250001
12 6 250001
12 7 250001
time: 2026000000
9 1 168698 90874 5 0 2 4 2 0 4 3 4 0 1 3 1 0 3 1 4 0 1 3 1 0 3 1 3 0 2 3 0 1 3 1 0 3 1 4 0 1 3 1 0 3 1 3 0 2 3 1 0 3 1 3 0 1 4 1 0 3 1 0 3 1 3 0 1 4 1 0 3 1 4 0 1 3 3 0 3 3 3 0 3 4 3 0 4 3 3 0 3 3 0 4 3 3 0 3 3 3 0 4 3 3 0 4 3 3 0 3 4 3 0 3 3 3 0 3 3 4 0 3 3 0 4 3 3 0 4 3 3 0 3 3 3 0 3 4 3 0 3 3 3 0 4 3 4 0 3 3 3 0 3 3 0 4 3 3 0 3 3 3 0 4 93
9 2 260001
9 3 260001
10 1 260001
10 2 260001
10 3 259250 8 7 0 7 6 6 0 6 7 7 0 6 6 6 0 6 6 273 0 3 4 3 0 3 3 3 0 4 3 0 3 3 3 0 3 4 3 0 3 4 3 0 3 3 4 0 3 3 3 0 3 3 3 0 4 3 3 0 3 4 0 3 4 3 0 3 3 3 0 3 3 4 0 3 3 3 0 3 4 3 0 4 3 3 0 3 3 3 0 4 3 0 3 3 3 0 3 4 204
10 4 260001
11 1 260001
11 2 245637 14040 5 0 4 4 4 0 3 5 5 0 5 4 4 0 3 4 4 0 7 4 4 0 4 3 4 0 4 7 0 4 4 4 0 3 4 4 0 8 6 5 0 7 6 5 0 7 8 53 0 105
12 1 260001
12 2 253229 1 0 1 1 1 1 1 1 1 1 2 1 0 2 1 1 0 2 1 1 0 1 1 2 0 1 1 2 0 1 2 0 2 1 1 1 5 1 2 2 4 1 5 4 5 1 7 6 5 2 8 5 9 1 6 6 6 1 6 5 1 8 4 6 1 8 4 6 2 5 10 6 1 8 7 7 1 6 9 10 1 10 7 10 1 9 8 8 2 13 7 1 8 10 9 1 8 10 8 1 10 9 10 0 9 8 9 0 9 10 9 0 11 9 8 0 11 9 9 0 10 9 1 7 9 8 0 9 9 8 0 10 10 8 0 9 10 11 0 10 11 11 0 9 10 11 0 8 12 14 10 77 15 2 11 12 13 1 10 12 14 1 10 12 13 1 11 11 13 1 13 10 15 1 19 67 12 0 13 18 27 0 35 37 1 38 36 39 0 40 35 38 0 39 38 35 0 41 37 38 0 40 36 37 0 41 37 38 0 39 37 36 0 41 37 1 35 40 38 0 40 37 36 0 38 38 37 0 39 40 35 0 39 40 35 0 39 38 39 0 39 35 36 0 36 37 0 46 36 37 0 34 37 36 0 34 36 39 0 121 853 725 0 330 34 44 0 106 34 35 0 37 38 35 0 33 35 0 36 38 84 0 37 31 30 0 24 9 7 0 10 8 8 0 10 9 8 0 9 7 50 0 47 7 10 0 9 14 0 16 10 8 0 9 10 9 0 8 9 10 0 8 9 12 0 9 8 11 0 22 9 6 0 8 9 0 6 8 9 0 12 5 5 0 7 5 6 0 7 8 6 0 5 5 5 0 4 6 6 0 4 6 6 0 4 5 0 6 6 5 0 7 3 3 0 4 4 4 0 4 4 4 0 4 3 3 0 5 4 1 0 2 1 2 0 2 1 0 2 1 2 0 1 2 1 0 1 2 1 0 1 2 1 0 1 2 1 0 1 2 2 0 1 2 1 0 1 2 0 1 1 2 0 1 1 2 0 1 1 3 0 1 3
12 3 260001
12 4 260001
12 5 260001
12 6 260001
12 7 260001
time: 2027000000
9 1 174511 95061 5 0 2 4 2 0 4 3 4 0 1 3 1 0 3 1 4 0 1 3 1 0 3 1 3 0 2 3 0 1 3 1 0 3 1 4 0 1 3 1 0 3 1 3 0 2 3 1 0 3 1 3 0 1 4 1 0 3 1 0 3 1 3 0 1 4 1 0 3 1 4 0 1 3 3 0 3 3 3 0 3 4 3 0 4 3 3 0 3 3 0 4 3 3 0 3 3 3 0 4 3 3 0 4 3 3 0 3 4 3 0 3 3 3 0 3 3 4 0 3 3 0 4 3 3 0 4 3 3 0 3 3 3 0 3 4 3 0 3 3 3 0 4 3 4 0 3 3 3 0 3 3 0 4 3 3 0 3 3 3 0 4 93
9 2 270001
9 3 270001
10 1 270001
10 2 270001
10 3 269250 8 7 0 7 6 6 0 6 7 7 0 6 6 6 0 6 6 273 0 3 4 3 0 3 3 3 0 4 3 0 3 3 3 0 3 4 3 0 3 4 3 0 3 3 4 0 3 3 3 0 3 3 3 0 4 3 3 0 3 4 0 3 4 3 0 3 3 3 0 3 3 4 0 3 3 3 0 3 4 3 0 4 3 3 0 3 3 3 0 4 3 0 3 3 3 0 3 4 204
10 4 270001
11 1 270001
11 2 254939 14738 5 0 4 4 4 0 3 5 5 0 5 4 4 0 3 4 4 0 7 4 4 0 4 3 4 0 4 7 0 4 4 4 0 3 4 4 0 8 6 5 0 7 6 5 0 7 8 53 0 105
12 1 270001
12 2 263229 1 0 1 1 1 1 1 1 1 1 2 1 0 2 1 1 0 2 1 1 0 1 1 2 0 1 1 2 0 1 2 0 2 1 1 1 5 1 2 2 4 1 5 4 5 1 7 6 5 2 8 5 9 1 6 6 6 1 6 5 1 8 4 6 1 8 4 6 2 5 10 6 1 8 7 7 1 6 9 10 1 10 7 10 1 9 8 8 2 13 7 1 8 10 9 1 8 10 8 1 10 9 10 0 9 8 9 0 9 10 9 0 11 9 8 0 11 9 9 0 10 9 1 7 9 8 0 9 9 8 0 10 10 8 0 9 10 11 0 10 11 11 0 9 10 11 0 8 12 14 10 77 15 2 11 12 13 1 10 12 14 1 10 12 13 1 11 11 13 1 13 10 15 1 19 67 12 0 13 18 27 0 35 37 1 38 36 39 0 40 35 38 0 39 38 35 0 41 37 38 0 40 36 37 0 41 37 38 0 39 37 36 0 41 37 1 35 40 38 0 40 37 36 0 38 38 37 0 39 40 35 0 39 40 35 0 39 38 39 0 39 35 36 0 36 37 0 46 36 37 0 34 37 36 0 34 36 39 0 121 853 725 0 330 34 44 0 106 34 35 0 37 38 35 0 33 35 0 36 38 84 0 37 31 30 0 24 9 7 0 10 8 8 0 10 9 8 0 9 7 50 0 47 7 10 0 9 14 0 16 10 8 0 9 10 9 0 8 9 10 0 8 9 12 0 9 8 11 0 22 9 6 0 8 9 0 6 8 9 0 12 5 5 0 7 5 6 0 7 8 6 0 5 5 5 0 4 6 6 0 4 6 6 0 4 5 0 6 6 5 0 7 3 3 0 4 4 4 0 4 4 4 0 4 3 3 0 5 4 1 0 2 1 2 0 2 1 0 2 1 2 0 1 2 1 0 1 2 1 0 1 2 1 0 1 2 1 0 1 2 2 0 1 2 1 0 1 2 0 1 1 2 0 1 1 2 0 1 1 3 0 1 3
12 3 270001
12 4 270001
12 5 270001
12 6 270001
12 7 270001
time: 2028000000
9 1 180326 99246 5 0 2 4 2 0 4 3 4 0 1 3 1 0 3 1 4 0 1 3 1 0 3 1 3 0 2 3 0 1 3 1 0 3 1 4 0 1 3 1 0 3 1 3 0 2 3 1 0 3 1 3 0 1 4 1 0 3 1 0 3 1 3 0 1 4 1 0 3 1 4 0 1 3 3 0 3 3 3 0 3 4 3 0 4 3 3 0 3 3 0 4 3 3 0 3 3 3 0 4 3 3 0 4 3 3 0 3 4 3 0 3 3 3 0 3 3 4 0 3 3 0 4 3 3 0 4 3 3 0 3 3 3 0 3 4 3 0 3 3 3 0 4 3 4 0 3 3 3 0 3 3 0 4 3 3 0 3 3 3 0 4 93
9 2 280001
9 3 280001
10 1 280001
10 2 280001
10 3 279250 8 7 0 7 6 6 0 6 7 7 0 6 6 6 0 6 6 273 0 3 4 3 0 3 3 3 0 4 3 0 3 3 3 0 3 4 3 0 3 4 3 0 3 3 4 0 3 3 3 0 3 3 3 0 4 3 3 0 3 4 0 3 4 3 0 3 3 3 0 3 3 4 0 3 3 3 0 3 4 3 0 4 3 3 0 3 3 3 0 4 3 0 3 3 3 0 3 4 204
10 4 280001
11 1 280001
11 2 264241 15436 5 0 4 4 4 0 3 5 5 0 5 4 4 0 3 4 4 0 7 4 4 0 4 3 4 0 4 7 0 4 4 4 0 3 4 4 0 8 6 5 0 7 6 5 0 7 8 53 0 105
12 1 280001
12 2 273229 1 0 1 1 1 1 1 1 1 1 2 1 0 2 1 1 0 2 1 1 0 1 1 2 0 1 1 2 0 1 2 0 2 1 1 1 5 1 2 2 4 1 5 4 5 1 7 6 5 2 8 5 9 1 6 6 6 1 6 5 1 8 4 6 1 8 4 6 2 5 10 6 1 8 7 7 1 6 9 10 1 10 7 10 1 9 8 8 2 13 7 1 8 10 9 1 8 10 8 1 10 9 10 0 9 8 9 0 9 10 9 0 11 9 8 0 11 9 9 0 10 9 1 7 9 8 0 9 9 8 0 10 10 8 0 9 10 11 0 10 11 11 0 9 10 11 0 8 12 14 10 77 15 2 11 12 13 1 10 12 14 1 10 12 13 1 11 11 13 1 13 10 15 1 19 67 12 0 13 18 27 0 35 37 1 38 36 39 0 40 35 38 0 39 38 35 0 41 37 38 0 40 36 37 0 41 37 38 0 39 37 36 0 41 37 1 35 40 38 0 40 37 36 0 38 38 37 0 39 40 35 0 39 40 35 0 39 38 39 0 39 35 36 0 36 37 0 46 36 37 0 34 37 36 0 34 36 39 0 121 853 725 0 330 34 44 0 106 34 35 0 37 38 35 0 33 35 0 36 38 84 0 37 31 30 0 24 9 7 0 10 8 8 0 10 9 8 0 9 7 50 0 47 7 10 0 9 14 0 16 10 8 0 9 10 9 0 8 9 10 0 8 9 12 0 9 8 11 0 22 9 6 0 8 9 0 6 8 9 0 12 5 5 0 7 5 6 0 7 8 6 0 5 5 5 0 4 6 6 0 4 6 6 0 4 5 0 6 6 5 0 7 3 3 0 4 4 4 0 4 4 4 0 4 3 3 0 5 4 1 0 2 1 2 0 2 1 0 2 1 2 0 1 2 1 0 1 2 1 0 1 2 1 0 1 2 1 0 1 2 2 0 1 2 1 0 1 2 0 1 1 2 0 1 1 2 0 1 1 3 0 1 3
12 3 280001
12 4 280001
12 5 280001
12 6 280001
12 7 280001
time: 2029000000
9 1 186140 103432 5 0 2 4 2 0 4 3 4 0 1 3 1 0 3 1 4 0 1 3 1 0 3 1 3 0 2 3 0 1 3 1 0 3 1 4 0 1 3 1 0 3 1 3 0 2 3 1 0 3 1 3 0 1 4 1 0 3 1 0 3 1 3 0 1 4 1 0 3 1 4 0 1 3 3 0 3 3 3 0 3 4 3 0 4 3 3 0 3 3 0 4 3 3 0 3 3 3 0 4 3 3 0 4 3 3 0 3 4 3 0 3 3 3 0 3 3 4 0 3 3 0 4 3 3 0 4 3 3 0 3 3 3 0 3 4 3 0 3 3 3 0 4 3 4 0 3 3 3 0 3 3 0 4 3 3 0 3 3 3 0 4 93
9 2 290001
9 3 290001
10 1 290001
10 2 290001
10 3 289250 8 7 0 7 6 6 0 6 7 7 0 6 6 6 0 6 6 273 0 3 4 3 0 3 3 3 0 4 3 0 3 3 3 0 3 4 3 0 3 4 3 0 3 3 4 0 3 3 3 0 3 3 3 0 4 3 3 0 3 4 0 3 4 3 0 3 3 3 0 3 3 4 0 3 3 3 0 3 4 3 0 4 3 3 0 3 3 3 0 4 3 0 3 3 3 0 3 4 204
10 4 290001
11 1 290001
11 2 273544 16133 5 0 4 4 4 0 3 5 5 0 5 4 4 0 3 4 4 0 7 4 4 0 4 3 4 0 4 7 0 4 4 4 0 3 4 4 0 8 6 5 0 7 6 5 0 7 8 53 0 105
12 1 290001
12 2 283229 1 0 1 1 1 1 1 1 1 1 2 1 0 2 1 1 0 2 1 1 0 1 1 2 0 1 1 2 0 1 2 0 2 1 1 1 5 1 2 2 4 1 5 4 5 1 7 6 5 2 8 5 9 1 6 6 6 1 6 5 1 8 4 6 1 8 4 6 2 5 10 6 1 8 7 7 1 6 9 10 1 10 7 10 1 9 8 8 2 13 7 1 8 10 9 1 8 10 8 1 10 9 10 0 9 8 9 0 9 10 9 0 11 9 8 0 11 9 9 0 10 9 1 7 9 8 0 9 9 8 0 10 10 8 0 9 10 11 0 10 11 11 0 9 10 11 0 8 12 14 10 77 15 2 11 12 13 1 10 12 14 1 10 12 13 1 11 11 13 1 13 10 15 1 19 67 12 0 13 18 27 0 35 37 1 38 36 39 0 40 35 38 0 39 38 35 0 41 37 38 0 40 36 37 0 41 37 38 0 39 37 36 0 41 37 1 35 40 38 0 40 37 36 0 38 38 37 0 39 40 35 0 39 40 35 0 39 38 39 0 39 35 36 0 36 37 0 46 36 37 0 34 37 36 0 34 36 39 0 121 853 725 0 330 34 44 0 106 34 35 0 37 38 35 0 33 35 0 36 38 84 0 37 31 30 0 24 9 7 0 10 8 8 0 10 9 8 0 9 7 50 0 47 7 10 0 9 14 0 16 10 8 0 9 10 9 0 8 9 10 0 8 9 12 0 9 8 11 0 22 9 6 0 8 9 0 6 8 9 0 12 5 5 0 7 5 6 0 7 8 6 0 5 5 5 0 4 6 6 0 4 6 6 0 4 5 0 6 6 5 0 7 3 3 0 4 4 4 0 4 4 4 0 4 3 3 0 5 4 1 0 2 1 2 0 2 1 0 2 1 2 0 1 2 1 0 1 2 1 0 1 2 1 0 1 2 1 0 1 2 2 0 1 2 1 0 1 2 0 1 1 2 0 1 1 2 0 1 1 3 0 1 3
12 3 290001
12 4 290001
12 5 290001
12 6 290001
12 7 290001
time: 2030000000
9 1 191954 107618 5 0 2 4 2 0 4 3 4 0 1 3 1 0 3 1 4 0 1 3 1 0 3 1 3 0 2 3 0 1 3 1 0 3 1 4 0 1 3 1 0 3 1 3 0 2 3 1 0 3 1 3 0 1 4 1 0 3 1 0 3 1 3 0 1 4 1 0 3 1 4 0 1 3 3 0 3 3 3 0 3 4 3 0 4 3 3 0 3 3 0 4 3 3 0 3 3 3 0 4 3 3 0 4 3 3 0 3 4 3 0 3 3 3 0 3 3 4 0 3 3 0 4 3 3 0 4 3 3 0 3 3 3 0 3 4 3 0 3 3 3 0 4 3 4 0 3 3 3 0 3 3 0 4 3 3 0 3 3 3 0 4 93
9 2 300001
9 3 300001
10 1 300001
10 2 300001
10 3 299250 8 7 0 7 6 6 0 6 7 7 0 6 6 6 0 6 6 273 0 3 4 3 0 3 3 3 0 4 3 0 3 3 3 0 3 4 3 0 3 4 3 0 3 3 4 0 3 3 3 0 3 3 3 0 4 3 3 0 3 4 0 3 4 3 0 3 3 3 0 3 3 4 0 3 3 3 0 3 4 3 0 4 3 3 0 3 3 3 0 4 3 0 3 3 3 0 3 4 204
10 4 300001
11 1 300001
11 2 282846 16831 5 0 4 4 4 0 3 5 5 0 5 4 4 0 3 4 4 0 7 4 4 0 4 3 4 0 4 7 0 4 4 4 0 3 4 4 0 8 6 5 0 7 6 5 0 7 8 53 0 105
12 1 300001
12 2 293229 1 0 1 1 1 1 1 1 1 1 2 1 0 2 1 1 0 2 1 1 0 1 1 2 0 1 1 2 0 1 2 0 2 1 1 1 5 1 2 2 4 1 5 4 5 1 7 6 5 2 8 5 9 1 6 6 6 1 6 5 1 8 4 6 1 8 4 6 2 5 10 6 1 8 7 7 1 6 9 10 1 10 7 10 1 9 8 8 2 13 7 1 8 10 9 1 8 10 8 1 10 9 10 0 9 8 9 0 9 10 9 0 11 9 8 0 11 9 9 0 10 9 1 7 9 8 0 9 9 8 0 10 10 8 0 9 10 11 0 10 11 11 0 9 10 11 0 8 12 14 10 77 15 2 11 12 13 1 10 12 14 1 10 12 13 1 11 11 13 1 13 10 15 1 19 67 12 0 13 18 27 0 35 37 1 38 36 39 0 40 35 38 0 39 38 35 0 41 37 38 0 40 36 37 0 41 37 38 0 39 37 36 0 41 37 1 35 40 38 0 40 37 36 0 38 38 37 0 39 40 35 0 39 40 35 0 39 38 39 0 39 35 36 0 36 37 0 46 36 37 0 34 37 36 0 34 36 39 0 121 853 725 0 330 34 44 0 106 34 35 0 37 38 35 0 33 35 0 36 38 84 0 37 31 30 0 24 9 7 0 10 8 8 0 10 9 8 0 9 7 50 0 47 7 10 0 9 14 0 16 10 8 0 9 10 9 0 8 9 10 0 8 9 12 0 9 8 11 0 22 9 6 0 8 9 0 6 8 9 0 12 5 5 0 7 5 6 0 7 8 6 0 5 5 5 0 4 6 6 0 4 6 6 0 4 5 0 6 6 5 0 7 3 3 0 4 4 4 0 4 4 4 0 4 3 3 0 5 4 1 0 2 1 2 0 2 1 0 2 1 2 0 1 2 1 0 1 2 1 0 1 2 1 0 1 2 1 0 1 2 2 0 1 2 1 0 1 2 0 1 1 2 0 1 1 2 0 1 1 3 0 1 3
12 3 300001
12 4 300001
12 5 300001
12 6 300001
12 7 300001
time: 2031000000
9 1 197768 111804 5 0 2 4 2 0 4 3 4 0 1 3 1 0 3 1 4 0 1 3 1 0 3 1 3 0 2 3 0 1 3 1 0 3 1 4 0 1 3 1 0 3 1 3 0 2 3 1 0 3 1 3 0 1 4 1 0 3 1 0 3 1 3 0 1 4 1 0 3 1 4 0 1 3 3 0 3 3 3 0 3 4 3 0 4 3 3 0 3 3 0 4 3 3 0 3 3 3 0 4 3 3 0 4 3 3 0 3 4 3 0 3 3 3 0 3 3 4 0 3 3 0 4 3 3 0 4 3 3 0 3 3 3 0 3 4 3 0 3 3 3 0 4 3 4 0 3 3 3 0 3 3 0 4 3 3 0 3 3 3 0 4 93
9 2 310001
9 3 310001
10 1 310001
10 2 310001
10 3 309250 8 7 0 7 6 6 0 6 7 7 0 6 6 6 0 6 6 273 0 3 4 3 0 3 3 3 0 4 3 0 3 3 3 0 3 4 3 0 3 4 3 0 3 3 4 0 3 3 3 0 3 3 3 0 4 3 3 0 3 4 0 3 4 3 0 3 3 3 0 3 3 4 0 3 3 3 0 3 4 3 0 4 3 3 0 3 3 3 0 4 3 0 3 3 3 0 3 4 204
10 4 310001
11 1 310001
11 2 292148 17529 5 0 4 4 4 0 3 5 5 0 5 4 4 0 3 4 4 0 7 4 4 0 4 3 4 0 4 7 0 4 4 4 0 3 4 4 0 8 6 5 0 7 6 5 0 7 8 53 0 105
12 1 310001
12 2 303229 1 0 1 1 1 1 1 1 1 1 2 1 0 2 1 1 0 2 1 1 0 1 1 2 0 1 1 2 0 1 2 0 2 1 1 1 5 1 2 2 4 1 5 4 5 1 7 6 5 2 8 5 9 1 6 6 6 1 6 5 1 8 4 6 1 8 4 6 2 5 10 6 1 8 7 7 1 6 9 10 1 10 7 10 1 9 8 8 2 13 7 1 8 10 9 1 8 10 8 1 10 9 10 0 9 8 9 0 9 10 9 0 11 9 8 0 11 9 9 0 10 9 1 7 9 8 0 9 9 8 0 10 10 8 0 9 10 11 0 10 11 11 0 9 10 11 0 8 12 14 10 77 15 2 11 12 13 1 10 12 14 1 10 12 13 1 11 11 13 1 13 10 15 1 19 67 12 0 13 18 27 0 35 37 1 38 36 39 0 40 35 38 0 39 38 35 0 41 37 38 0 40 36 37 0 41 37 38 0 39 37 36 0 41 37 1 35 40 38 0 40 37 36 0 38 38 37 0 39 40 35 0 39 40 35 0 39 38 39 0 39 35 36 0 36 37 0 46 36 37 0 34 37 36 0 34 36 39 0 121 853 725 0 330 34 44 0 106 34 35 0 37 38 35 0 33 35 0 36 38 84 0 37 31 30 0 24 9 7 0 10 8 8 0 10 9 8 0 9 7 50 0 47 7 10 0 9 14 0 16 10 8 0 9 10 9 0 8 9 10 0 8 9 12 0 9 8 11 0 22 9 6 0 8 9 0 6 8 9 0 12 5 5 0 7 5 6 0 7 8 6 0 5 5 5 0 4 6 6 0 4 6 6 0 4 5 0 6 6 5 0 7 3 3 0 4 4 4 0 4 4 4 0 4 3 3 0 5 4 1 0 2 1 2 0 2 1 0 2 1 2 0 1 2 1 0 1 2 1 0 1 2 1 0 1 2 1 0 1 2 2 0 1 2 1 0 1 2 0 1 1 2 0 1 1 2 0 1 1 3 0 1 3
12 3 310001
12 4 310001
12 5 310001
12 6 310001
12 7 310001
time: 2032000000
9 1 203582 115990 5 0 2 4 2 0 4 3 4 0 1 3 1 0 3 1 4 0 1 3 1 0 3 1 3 0 2 3 0 1 3 1 0 3 1 4 0 1 3 1 0 3 1 3 0 2 3 1 0 3 1 3 0 1 4 1 0 3 1 0 3 1 3 0 1 4 1 0 3 1 4 0 1 3 3 0 3 3 3 0 3 4 3 0 4 3 3 0 3 3 0 4 3 3 0 3 3 3 0 4 3 3 0 4 3 3 0 3 4 3 0 3 3 3 0 3 3 4 0 3 3 0 4 3 3 0 4 3 3 0 3 3 3 0 3 4 3 0 3 3 3 0 4 3 4 0 3 3 3 0 3 3 0 4 3 3 0 3 3 3 0 4 93
9 2 320001
9 3 320001
10 1 320001
10 2 320001
10 3 319250 8 7 0 7 6 6 0 6 7 7 0 6 6 6 0 6 6 273 0 3 4 3 0 3 3 3 0 4 3 0 3 3 3 0 3 4 3 0 3 4 3 0 3 3 4 0 3 3 3 0 3 3 3 0 4 3 3 0 3 4 0 3 4 3 0 3 3 3 0 3 3 4 0 3 3 3 0 3 4 3 0 4 3 3 0 3 3 3 0 4 3 0 3 3 3 0 3 4 204
10 4 320001
11 1 320001
11 2 301451 18226 5 0 4 4 4 0 3 5 5 0 5 4 4 0 3 4 4 0 7 4 4 0 4 3 4 0 4 7 0 4 4 4 0 3 4 4 0 8 6 5 0 7 6 5 0 7 8 53 0 105
12 1 320001
12 2 313229 1 0 1 1 1 1 1 1 1 1 2 1 0 2 1 1 0 2 1 1 0 1 1 2 0 1 1 2 0 1 2 0 2 1 1 1 5 1 2 2 4 1 5 4 5 1 7 6 5 2 8 5 9 1 6 6 6 1 6 5 1 8 4 6 1 8 4 6 2 5 10 6 1 8 7 7 1 6 9 10 1 10 7 10 1 9 8 8 2 13 7 1 8 10 9 1 8 10 8 1 10 9 10 0 9 8 9 0 9 10 9 0 11 9 8 0 11 9 9 0 10 9 1 7 9 8 0 9 9 8 0 10 10 8 0 9 10 11 0 10 11 11 0 9 10 11 0 8 12 14 10 77 15 2 11 12 13 1 10 12 14 1 10 12 13 1 11 11 13 1 13 10 15 1 19 67 12 0 13 18 27 0 35 37 1 38 36 39 0 40 35 38 0 39 38 35 0 41 37 38 0 40 36 37 0 41 37 38 0 39 37 36 0 41 37 1 35 40 38 0 40 37 36 0 38 38 37 0 39 40 35 0 39 40 35 0 39 38 39 0 39 35 36 0 36 37 0 46 36 37 0 34 37 36 0 34 36 39 0 121 853 725 0 330 34 44 0 106 34 35 0 37 38 35 0 33 35 0 36 38 84 0 37 31 30 0 24 9 7 0 10 8 8 0 10 9 8 0 9 7 50 0 47 7 10 0 9 14 0 16 10 8 0 9 10 9 0 8 9 10 0 8 9 12 0 9 8 11 0 22 9 6 0 8 9 0 6 8 9 0 12 5 5 0 7 5 6 0 7 8 6 0 5 5 5 0 4 6 6 0 4 6 6 0 4 5 0 6 6 5 0 7 3 3 0 4 4 4 0 4 4 4 0 4 3 3 0 5 4 1 0 2 1 2 0 2 1 0 2 1 2 0 1 2 1 0 1 2 1 0 1 2 1 0 1 2 1 0 1 2 2 0 1 2 1 0 1 2 0 1 1 2 0 1 1 2 0 1 1 3 0 1 3
12 3 320001
12 4 320001
12 5 320001
12 6 320001
12 7 320001
time: 2033000000
9 1 209395 120177 5 0 2 4 2 0 4 3 4 0 1 3 1 0 3 1 4 0 1 3 1 0 3 1 3 0 2 3 0 1 3 1 0 3 1 4 0 1 3 1 0 3 1 3 0 2 3 1 0 3 1 3 0 1 4 1 0 3 1 0 3 1 3 0 1 4 1 0 3 1 4 0 1 3 3 0 3 3 3 0 3 4 3 0 4 3 3 0 3 3 0 4 3 3 0 3 3 3 0 4 3 3 0 4 3 3 0 3 4 3 0 3 3 3 0 3 3 4 0 3 3 0 4 3 3 0 4 3 3 0 3 3 3 0 3 4 3 0 3 3 3 0 4 3 4 0 3 3 3 0 3 3 0 4 3 3 0 3 3 3 0 4 93
9 2 330001
9 3 330001
10 1 330001
10 2 330001
10 3 329250 8 7 0 7 6 6 0 6 7 7 0 6 6 6 0 6 6 273 0 3 4 3 0 3 3 3 0 4 3 0 3 3 3 0 3 4 3 0 3 4 3 0 3 3 4 0 3 3 3 0 3 3 3 0 4 3 3 0 3 4 0 3 4 3 0 3 3 3 0 3 3 4 0 3 3 3 0 3 4 3 0 4 3 3 0 3 3 3 0 4 3 0 3 3 3 0 3 4 204
10 4 330001
11 1 330001
11 2 310753 18924 5 0 4 4 4 0 3 5 5 0 5 4 4 0 3 4 4 0 7 4 4 0 4 3 4 0 4 7 0 4 4 4 0 3 4 4 0 8 6 5 0 7 6 5 0 7 8 53 0 105
12 1 330001
12 2 323229 1 0 1 1 1 1 1 1 1 1 2 1 0 2 1 1 0 2 1 1 0 1 1 2 0 1 1 2 0 1 2 0 2 1 1 1 5 1 2 2 4 1 5 4 5 1 7 6 5 2 8 5 9 1 6 6 6 1 6 5 1 8 4 6 1 8 4 6 2 5 10 6 1 8 7 7 1 6 9 10 1 10 7 10 1 9 8 8 2 13 7 1 8 10 9 1 8 10 8 1 10 9 10 0 9 8 9 0 9 10 9 0 11 9 8 0 11 9 9 0 10 9 1 7 9 8 0 9 9 8 0 10 10 8 0 9 10 11 0 10 11 11 0 9 10 11 0 8 12 14 10 77 15 2 11 12 13 1 10 12 14 1 10 12 13 1 11 11 13 1 13 10 15 1 19 67 12 0 13 18 27 0 35 37 1 38 36 39 0 40 35 38 0 39 38 35 0 41 37 38 0 40 36 37 0 41 37 38 0 39 37 36 0 41 37 1 35 40 38 0 40 37 36 0 38 38 37 0 39 40 35 0 39 40 35 0 39 38 39 0 39 35 36 0 36 37 0 46 36 37 0 34 37 36 0 34 36 39 0 121 853 725 0 330 34 44 0 106 34 35 0 37 38 35 0 33 35 0 36 38 84 0 37 31 30 0 24 9 7 0 10 8 8 0 10 9 8 0 9 7 50 0 47 7 10 0 9 14 0 16 10 8 0 9 10 9 0 8 9 10 0 8 9 12 0 9 8 11 0 22 9 6 0 8 9 0 6 8 9 0 12 5 5 0 7 5 6 0 7 8 6 0 5 5 5 0 4 6 6 0 4 6 6 0 4 5 0 6 6 5 0 7 3 3 0 4 4 4 0 4 4 4 0 4 3 3 0 5 4 1 0 2 1 2 0 2 1 0 2 1 2 0 1 2 1 0 1 2 1 0 1 2 1 0 1 2 1 0 1 2 2 0 1 2 1 0 1 2 0 1 1 2 0 1 1 2 0 1 1 3 0 1 3
12 3 330001
12 4 330001
12 5 330001
12 6 330001
12 7 330001
time: 2034000000
9 1 215209 124363 5 0 2 4 2 0 4 3 4 0 1 3 1 0 3 1 4 0 1 3 1 0 3 1 3 0 2 3 0 1 3 1 0 3 1 4 0 1 3 1 0 3 1 3 0 2 3 1 0 3 1 3 0 1 4 1 0 3 1 0 3 1 3 0 1 4 1 0 3 1 4 0 1 3 3 0 3 3 3 0 3 4 3 0 4 3 3 0 3 3 0 4 3 3 0 3 3 3 0 4 3 3 0 4 3 3 0 3 4 3 0 3 3 3 0 3 3 4 0 3 3 0 4 3 3 0 4 3 3 0 3 3 3 0 3 4 3 0 3 3 3 0 4 3 4 0 3 3 3 0 3 3 0 4 3 3 0 3 3 3 0 4 93
9 2 340001
9 3 340001
10 1 340001
10 2 340001
10 3 339250 8 7 0 7 6 6 0 6 7 7 0 6 6 6 0 6 6 273 0 3 4 3 0 3 3 3 0 4 3 0 3 3 3 0 3 4 3 0 3 4 3 0 3 3 4 0 3 3 3 0 3 3 3 0 4 3 3 0 3 4 0 3 4 3 0 3 3 3 0 3 3 4 0 3 3 3 0 3 4 3 0 4 3 3 0 3 3 3 0 4 3 0 3 3 3 0 3 4 204
10 4 340001
11 1 340001
11 2 320055 19622 5 0 4 4 4 0 3 5 5 0 5 4 4 0 3 4 4 0 7 4 4 0 4 3 4 0 4 7 0 4 4 4 0 3 4 4 0 8 6 5 0 7 6 5 0 7 8 53 0 105
12 1 340001
12 2 333229 1 0 1 1 1 1 1 1 1 1 2 1 0 2 1 1 0 2 1 1 0 1 1 2 0 1 1 2 0 1 2 0 2 1 1 1 5 1 2 2 4 1 5 4 5 1 7 6 5 2 8 5 9 1 6 6 6 1 6 5 1 8 4 6 1 8 4 6 2 5 10 6 1 8 7 7 1 6 9 10 1 10 7 10 1 9 8 8 2 13 7 1 8 10 9 1 8 10 8 1 10 9 10 0 9 8 9 0 9 10 9 0 11 9 8 0 11 9 9 0 10 9 1 7 9 8 0 9 9 8 0 10 10 8 0 9 10 11 0 10 11 11 0 9 10 11 0 8 12 14 10 77 15 2 11 12 13 1 10 12 14 1 10 12 13 1 11 11 13 1 13 10 15 1 19 67 12 0 13 18 27 0 35 37 1 38 36 39 0 40 35 38 0 39 38 35 0 41 37 38 0 40 36 37 0 41 37 38 0 39 37 36 0 41 37 1 35 40 38 0 40 37 36 0 38 38 37 0 39 40 35 0 39 40 35 0 39 38 39 0 39 35 36 0 36 37 0 46 36 37 0 34 37 36 0 34 36 39 0 121 853 725 0 330 34 44 0 106 34 35 0 37 38 35 0 33 35 0 36 38 84 0 37 31 30 0 24 9 7 0 10 8 8 0 10 9 8 0 9 7 50 0 47 7 10 0 9 14 0 16 10 8 0 9 10 9 0 8 9 10 0 8 9 12 0 9 8 11 0 22 9 6 0 8 9 0 6 8 9 0 12 5 5 0 7 5 6 0 7 8 6 0 5 5 5 0 4 6 6 0 4 6 6 0 4 5 0 6 6 5 0 7 3 3 0 4 4 4 0 4 4 4 0 4 3 3 0 5 4 1 0 2 1 2 0 2 1 0 2 1 2 0 1 2 1 0 1 2 1 0 1 2 1 0 1 2 1 0 1 2 2 0 1 2 1 0 1 2 0 1 1 2 0 1 1 2 0 1 1 3 0 1 3
12 3 340001
12 4 340001
12 5 340001
12 6 340001
12 7 340001
time: 2035000000
9 1 221326 128246 5 0 2 4 2 0 4 3 4 0 1 3 1 0 3 1 4 0 1 3 1 0 3 1 3 0 2 3 0 1 3 1 0 3 1 4 0 1 3 1 0 3 1 3 0 2 3 1 0 3 1 3 0 1 4 1 0 3 1 0 3 1 3 0 1 4 1 0 3 1 4 0 1 3 3 0 3 3 3 0 3 4 3 0 4 3 3 0 3 3 0 4 3 3 0 3 3 3 0 4 3 3 0 4 3 3 0 3 4 3 0 3 3 3 0 3 3 4 0 3 3 0 4 3 3 0 4 3 3 0 3 3 3 0 3 4 3 0 3 3 3 0 4 3 4 0 3 3 3 0 3 3 0 4 3 3 0 3 3 3 0 4 93
9 2 350001
9 3 350001
10 1 350001
10 2 350001
10 3 349250 8 7 0 7 6 6 0 6 7 7 0 6 6 6 0 6 6 273 0 3 4 3 0 3 3 3 0 4 3 0 3 3 3 0 3 4 3 0 3 4 3 0 3 3 4 0 3 3 3 0 3 3 3 0 4 3 3 0 3 4 0 3 4 3 0 3 3 3 0 3 3 4 0 3 3 3 0 3 4 3 0 4 3 3 0 3 3 3 0 4 3 0 3 3 3 0 3 4 204
10 4 350001
11 1 350001
11 2 329404 20273 5 0 4 4 4 0 3 5 5 0 5 4 4 0 3 4 4 0 7 4 4 0 4 3 4 0 4 7 0 4 4 4 0 3 4 4 0 8 6 5 0 7 6 5 0 7 8 53 0 105
12 1 350001
12 2 343229 1 0 1 1 1 1 1 1 1 1 2 1 0 2 1 1 0 2 1 1 0 1 1 2 0 1 1 2 0 1 2 0 2 1 1 1 5 1 2 2 4 1 5 4 5 1 7 6 5 2 8 5 9 1 6 6 6 1 6 5 1 8 4 6 1 8 4 6 2 5 10 6 1 8 7 7 1 6 9 10 1 10 7 10 1 9 8 8 2 13 7 1 8 10 9 1 8 10 8 1 10 9 10 0 9 8 9 0 9 10 9 0 11 9 8 0 11 9 9 0 10 9 1 7 9 8 0 9 9 8 0 10 10 8 0 9 10 11 0 10 11 11 0 9 10 11 0 8 12 14 10 77 15 2 11 12 13 1 10 12 14 1 10 12 13 1 11 11 13 1 13 10 15 1 19 67 12 0 13 18 27 0 35 37 1 38 36 39 0 40 35 38 0 39 38 35 0 41 37 38 0 40 36 37 0 41 37 38 0 39 37 36 0 41 37 1 35 40 38 0 40 37 36 0 38 38 37 0 39 40 35 0 39 40 35 0 39 38 39 0 39 35 36 0 36 37 0 46 36 37 0 34 37 36 0 34 36 39 0 121 853 725 0 330 34 44 0 106 34 35 0 37 38 35 0 33 35 0 36 38 84 0 37 31 30 0 24 9 7 0 10 8 8 0 10 9 8 0 9 7 50 0 47 7 10 0 9 14 0 16 10 8 0 9 10 9 0 8 9 10 0 8 9 12 0 9 8 11 0 22 9 6 0 8 9 0 6 8 9 0 12 5 5 0 7 5 6 0 7 8 6 0 5 5 5 0 4 6 6 0 4 6 6 0 4 5 0 6 6 5 0 7 3 3 0 4 4 4 0 4 4 4 0 4 3 3 0 5 4 1 0 2 1 2 0 2 1 0 2 1 2 0 1 2 1 0 1 2 1 0 1 2 1 0 1 2 1 0 1 2 2 0 1 2 1 0 1 2 0 1 1 2 0 1 1 2 0 1 1 3 0 1 3
12 3 350001
12 4 350001
12 5 350001
12 6 350001
12 7 350001
